9.967977896383567460e-01 1.002238440867388114e+00 1.013562769727077262e+00 9.783388443173759441e-01 9.729886267669223265e-01 1.017280790142412572e+00 9.715243320087096901e-01 9.472085410038193487e-01 9.505074927604504342e-01 9.393282044838238143e-01 9.189112746666963094e-01 9.780749416028875487e-01 9.493042629149317513e-01 9.149543674501074975e-01 9.996296341232674409e-01 9.790743894521101165e-01 9.494596875362466548e-01 1.025294937411812102e+00 1.015338985616611289e+00 1.036788800609904637e+00 1.034636607114907791e+00 1.042889785767622923e+00 1.015170850350658904e+00 9.856305778890745994e-01 1.046992349275017498e+00 1.015723975772816923e+00 8.904869086263961231e-01 9.917391707699286796e-01 1.005086292356646371e+00 9.225321844652578651e-01 8.367248718508041305e-01 8.623440534263994151e-01 1.032596581033054406e+00 8.899719208767722378e-01 8.793732036182871914e-01 9.276597534394006583e-01 9.282976355887552211e-01 1.071871349177127009e+00 1.021207213965025007e+00 9.334489766160052326e-01 8.709592320779021568e-01 7.590351991521619990e-01 9.759997287904241814e-01 9.681780947128574288e-01 1.006969005349019231e+00 9.681285800279207931e-01 9.741823061614360846e-01 1.062867979887409886e+00 1.046474826321529328e+00 9.477769481967694976e-01 8.020770022780329134e-01 1.089830762515975326e+00 1.109647614916567715e+00 9.604539112269473433e-01 1.137706088659162118e+00 9.037790484644383504e-01 1.051121503626192721e+00 9.505415335641465013e-01 8.647097328249088166e-01 1.020456658319336407e+00 1.134381458670335574e+00 1.020621860109056200e+00 1.124275716863810892e+00 1.053861673708971436e+00 9.892060100490008834e-01 1.227844404225948871e+00 1.415624383688859567e+00 1.381536982068486408e+00 9.095658976638253401e-01 6.997416786373621411e-01 8.935951585421402221e-01 8.672142509706071145e-01 7.146907864912801500e-01 9.028153634596790544e-01 9.389816453817417807e-01 8.430740118848625286e-01 7.535623660360278864e-01 8.112434325563243620e-01 8.420027772991137693e-01 9.438173235090500102e-01 1.075998514137030071e+00 9.861158138257395400e-01 9.026925855639538199e-01 1.018653238430333507e+00 1.114869473040962289e+00 8.505562374280313254e-01 7.252718848932374618e-01
1.002238440867388114e+00 1.012400333855248968e+00 1.005205740456797114e+00 1.001647926941257039e+00 9.829494260328421884e-01 9.708309779594355149e-01 9.792606448824875409e-01 9.640590275419232968e-01 9.293103628094657731e-01 9.630782882947862555e-01 9.307554551152809053e-01 9.473749575037342385e-01 9.619968641936395004e-01 9.361335454639029274e-01 9.742839738297695007e-01 9.716015988404003156e-01 1.003788505608789627e+00 1.106828407622620913e+00 1.129795611875656025e+00 1.055065035399957107e+00 9.899393357364097978e-01 1.037742388987579645e+00 1.063877697814895162e+00 1.049634409189277751e+00 1.023055407978409548e+00 9.473100218549138640e-01 8.918373612934684669e-01 9.111996362035421626e-01 9.832225328319867952e-01 1.023798662801224779e+00 1.028897532052787334e+00 8.812931596598782003e-01 9.182677318466464511e-01 9.852961780135031100e-01 1.045684987407527355e+00 1.050820888861250246e+00 9.623789466597280073e-01 9.645578295568614235e-01 1.005150333009520836e+00 1.042959519381029265e+00 9.402784541400244223e-01 8.581197885268871950e-01 1.087119867743019608e+00 9.712072357426946301e-01 1.052340171843448635e+00 1.010418212002857752e+00 8.658968146740280147e-01 9.335837317114338285e-01 9.915244031300772809e-01 8.316103932609056892e-01 8.212469327891681603e-01 9.051759354505133359e-01 9.838712877112036903e-01 1.257419259313288684e+00 1.104606374320166173e+00 8.711968345715485063e-01 1.061083407967546632e+00 9.136136869510483871e-01 9.656504763604519814e-01 1.071882447709007424e+00 9.865100571727473122e-01 9.548640290881604820e-01 9.203097770711794468e-01 9.678977537395123676e-01 1.056397284788418878e+00 1.188758099957029080e+00 1.424786233884625775e+00 1.297280531523450575e+00 9.927143706799989031e-01 8.619835081650811803e-01 9.712865996373698518e-01 1.066104237875619587e+00 1.022786442198251988e+00 8.553738876542681391e-01 9.262243132647727251e-01 9.565542966871070085e-01 8.901592206693557108e-01 8.127536344641935750e-01 1.080569614456909466e+00 1.013930108280896247e+00 7.768240063002425089e-01 9.284029903354376057e-01 1.274022874755763368e+00 1.208596176027691760e+00 1.041873006208672070e+00 7.502599977330561831e-01 7.773951677936239424e-01
1.013562769727077262e+00 1.005205740456797114e+00 1.000580872248436393e+00 9.948671427490868302e-01 9.830998620580638780e-01 9.989033070728048358e-01 1.005172593561476369e+00 9.559038909304630183e-01 9.507124131187019156e-01 9.675974571834141669e-01 9.806288351427396854e-01 9.807435798500266921e-01 9.560785086332511673e-01 9.123805381870230269e-01 9.452976318739337858e-01 9.800779127585639294e-01 1.042481467470168344e+00 1.112667265310012477e+00 1.126670321464787961e+00 1.117294046325489454e+00 1.033585035840230093e+00 9.956766857701215834e-01 1.006851990972606359e+00 1.002363093923691384e+00 9.975003513314538717e-01 9.664263192066913088e-01 8.779809877601043588e-01 8.972726311893473028e-01 1.033542318128161996e+00 1.070033484552094016e+00 1.051421667320639575e+00 9.301903730630379785e-01 8.822370204756554424e-01 9.190863567929065114e-01 1.013844646992853704e+00 1.068054497409615555e+00 1.033189979054691010e+00 9.278045098513959532e-01 9.335613157030117071e-01 9.434990678787641416e-01 8.881360212931647125e-01 9.392194828611595270e-01 9.698991514834613969e-01 1.062563080668880167e+00 1.094132000089024226e+00 1.054465180823804360e+00 8.666625590503939103e-01 7.479959432175914413e-01 6.781404717893136924e-01 6.793897859291633257e-01 8.085632899251968819e-01 8.899889477694796769e-01 9.805042226667308736e-01 1.002218612268902742e+00 9.121406035507921839e-01 1.030488985591464068e+00 1.053691417219113191e+00 8.983778516977173334e-01 9.438478859854751990e-01 1.034918542139872777e+00 9.748038565755700047e-01 8.574962540489818874e-01 8.159849355503852042e-01 9.102220140839761831e-01 1.136434623738526994e+00 1.199807345255318403e+00 1.323949119905289962e+00 1.329109282402056724e+00 1.113211656355973078e+00 1.058452922606863966e+00 1.150157909130877565e+00 1.306658344422674922e+00 1.208682518841892151e+00 8.146329999225581098e-01 8.324672463815460111e-01 8.809691476852746783e-01 8.157233189827886033e-01 8.819730058218405722e-01 8.371710074043540173e-01 9.061453976857047898e-01 7.217068465978357938e-01 8.335340414321119606e-01 1.235712206518706502e+00 1.455719604282511792e+00 1.149512119774419361e+00 9.752080077099291033e-01 1.082199262217677704e+00
9.783388443173759441e-01 1.001647926941257039e+00 9.948671427490868302e-01 9.823074921738934595e-01 9.896146662927423066e-01 1.014454690022533523e+00 9.927435652022065238e-01 9.589681601956620005e-01 9.780006236153582222e-01 9.970808293841700864e-01 1.023461695537411398e+00 1.064483127492785952e+00 9.799073397526061324e-01 9.025961138486988666e-01 9.472769459499364997e-01 9.874359294503262108e-01 9.750475109270521079e-01 9.723138362371359644e-01 9.901538872937577507e-01 1.027866684943569808e+00 1.052151660681151624e+00 9.989785740011232207e-01 9.704663985370630686e-01 9.485073873656650889e-01 8.732773277838686843e-01 8.258221535988273798e-01 8.674228691558514281e-01 9.491471776942279615e-01 1.040046137526160264e+00 9.989641317725370673e-01 9.047901083576602721e-01 8.357830736643916403e-01 8.807168266319332917e-01 8.870906891325833765e-01 9.816187897996412337e-01 1.096999506889897447e+00 1.059794071300331986e+00 9.810374932198463460e-01 1.041847775358545114e+00 9.864613193932395552e-01 8.230711094020222163e-01 1.031471644953984912e+00 1.124619121390885157e+00 9.529660630361408424e-01 9.531067034758505807e-01 9.874790153703929541e-01 8.468535964612661227e-01 6.725014210155044747e-01 5.672549860992640580e-01 6.728283139909081445e-01 8.529357366357481762e-01 9.573373617669908020e-01 9.259786425800632381e-01 7.861153417447150904e-01 8.010445432159356560e-01 1.017506684724430954e+00 9.385387953021556706e-01 9.907446624011279068e-01 9.483669593781172136e-01 9.552519505073285844e-01 1.159393180704349824e+00 9.944452539069739139e-01 8.986239436087295473e-01 9.114123761085868303e-01 8.887251137166708448e-01 8.483439389730902391e-01 1.144762626808109252e+00 1.445569055395373059e+00 1.106685403796848988e+00 9.471176348060331707e-01 1.008566716506478889e+00 1.185723922570008915e+00 1.185262609718765292e+00 9.902346338126487568e-01 7.546882791774849331e-01 8.988267659603569326e-01 9.599042121475469536e-01 8.810286188652332040e-01 6.221106622534636754e-01 6.871975026519824281e-01 7.160863412683170504e-01 6.233844946933408959e-01 9.519248350002004200e-01 9.791606187141903561e-01 9.565787394573627145e-01 8.953660703777833740e-01 1.051932883656079731e+00
9.729886267669223265e-01 9.829494260328421884e-01 9.830998620580638780e-01 9.896146662927423066e-01 9.989992003398201481e-01 9.955663584961254031e-01 9.896664307129425797e-01 9.777424585617903174e-01 9.778783489712652433e-01 1.009283764363049007e+00 1.008547393849879903e+00 1.045816645532647637e+00 1.001893551372321944e+00 9.646574427351938263e-01 9.445562340788725697e-01 9.708845571592102930e-01 9.632940445082747161e-01 9.728807610623312341e-01 9.288371719781083335e-01 9.393274289146017475e-01 1.015456008532110044e+00 1.012205952540973231e+00 1.002404584845461022e+00 9.744764940434661460e-01 9.620568419182921049e-01 8.682463604215594488e-01 9.195777307079606722e-01 9.387281086300739430e-01 9.301937638757252769e-01 9.035298205661107529e-01 8.611980034183233101e-01 8.244640200193340540e-01 8.996805229315966157e-01 8.643498033971671601e-01 9.801558372115413142e-01 9.246675558937139661e-01 8.512611136622549868e-01 8.870727136519470646e-01 9.670896125733304816e-01 9.251493193814216420e-01 8.565602845418274214e-01 9.980550512137164043e-01 1.036690369392440969e+00 8.914380979563589769e-01 9.561967232820977047e-01 8.806445014629015189e-01 8.506094669318572388e-01 7.452935241652413056e-01 7.118204546957819234e-01 7.957702622548809002e-01 9.119261052936998846e-01 9.697656177511470021e-01 9.960687670739234445e-01 7.769804714062771289e-01 7.731230943931306498e-01 1.102514965291361726e+00 9.719691562539291008e-01 8.493422932761588440e-01 7.673044397692264651e-01 9.187495932699147883e-01 1.187196957307179668e+00 1.025062261230922367e+00 9.300541537938935566e-01 8.967123549975511976e-01 9.390266658538241051e-01 1.058454899388659110e+00 9.883448851950453751e-01 1.171035504733642929e+00 9.740879665534700749e-01 7.726766623620386909e-01 6.798895648991915008e-01 8.685917458474983199e-01 1.091608835787712284e+00 9.796381431256598882e-01 9.211971482388162658e-01 1.042620778539847359e+00 1.151235098547901847e+00 9.941812987500027177e-01 9.942568038761324667e-01 8.554369693962219356e-01 7.781152344829966871e-01 9.125809555938114714e-01 1.085214289420704192e+00 1.156326153261188150e+00 7.712392484004954030e-01 7.757456142518046605e-01 8.177601986524870581e-01
1.017280790142412572e+00 9.708309779594355149e-01 9.989033070728048358e-01 1.014454690022533523e+00 9.955663584961254031e-01 9.767330537898194498e-01 9.800328371490076851e-01 9.856053700024413056e-01 9.809936899597555549e-01 9.836162356245375937e-01 1.002920004254153952e+00 1.025691544656067711e+00 1.004367449253946054e+00 9.796336436830457295e-01 9.546520158344637963e-01 9.756041819431271467e-01 1.003751623644909996e+00 9.766061990768628576e-01 9.626257789704212309e-01 9.767867819025075615e-01 9.743814090125776373e-01 1.020012594228764780e+00 1.039744938343890368e+00 9.798272007113794091e-01 9.067687732419169588e-01 9.443017868710624763e-01 1.013574057049771104e+00 1.073605127584299046e+00 1.064098860438006167e+00 9.370403508733656794e-01 8.484461150451797495e-01 8.645841144050491200e-01 9.163520076257917202e-01 9.342634820767682369e-01 9.101355664691725966e-01 8.912769212108844208e-01 8.311500392381202529e-01 8.363624689387114675e-01 8.933150302843715362e-01 8.845366135420236198e-01 8.671860535339814824e-01 9.399169433115606154e-01 9.243113367273396719e-01 8.198123311021009441e-01 8.812407105448299971e-01 9.075341779302171785e-01 1.007693168550228391e+00 9.544206862671548164e-01 8.202278801610393133e-01 7.939526764626435584e-01 8.130480744803376680e-01 1.009819971315183196e+00 1.073734070544535513e+00 9.031393094500773655e-01 8.250115718261652464e-01 8.695465507321598064e-01 9.213408826774825977e-01 7.125850054456838167e-01 8.112205491957279468e-01 1.139578175129765114e+00 1.205680532757848145e+00 1.042878562318255931e+00 9.418050213275556137e-01 1.014361386660623809e+00 1.109558019250267646e+00 1.234154411269234197e+00 1.035734561746283422e+00 1.025652202712118655e+00 8.262804211542813526e-01 7.752840195031182047e-01 6.749316066198183250e-01 7.670297180301474116e-01 8.931310446703637496e-01 8.585647510917733261e-01 1.122897684028743237e+00 1.136503303234877027e+00 8.892394145347829459e-01 1.063564900224312160e+00 1.107511510159438162e+00 8.113714359443225943e-01 1.072290628082460673e+00 1.408154468767557344e+00 1.369275983126389429e+00 1.290916034255474631e+00 9.165346193968457733e-01 8.201949609120450235e-01 7.893002276908765991e-01
9.715243320087096901e-01 9.792606448824875409e-01 1.005172593561476369e+00 9.927435652022065238e-01 9.896664307129425797e-01 9.800328371490076851e-01 9.731414447898116826e-01 9.896228139035985194e-01 9.787660602592312964e-01 9.685398987110566127e-01 9.985939900145212045e-01 1.030593773735111629e+00 1.035003092686785475e+00 9.975570332388790096e-01 9.025856641103766620e-01 9.395513995499564786e-01 1.030438581141606136e+00 9.768271205783609634e-01 9.671272641297627981e-01 9.911475034303940390e-01 1.032588751898397605e+00 1.047522554295639452e+00 9.782465130092141692e-01 9.710976117971430455e-01 9.489284735053603592e-01 1.006552963413222646e+00 1.054650503939611461e+00 1.041451967960064229e+00 1.044814081859206212e+00 9.657670623745737704e-01 9.050987915740165146e-01 9.347224842331031125e-01 9.047251150432309430e-01 9.362692553950651142e-01 9.747964665852602018e-01 9.620442792365996310e-01 9.060998943209462864e-01 9.526223800503391681e-01 9.725054156456471866e-01 9.687852338053397627e-01 9.422264365109130901e-01 8.918262538985940457e-01 8.901802904301093777e-01 8.167468756027504995e-01 9.127112710457928602e-01 9.895299674956915537e-01 9.250927634466894478e-01 8.752528690881457019e-01 8.287063936622991456e-01 7.936922368483647627e-01 7.734909553236695157e-01 9.764734790530223973e-01 1.087599432932025545e+00 9.814154836044315378e-01 7.698234494200543176e-01 7.899014807934348070e-01 7.305749256315802187e-01 7.023924540145509710e-01 9.090285213469178061e-01 1.231284062047447447e+00 1.071845785115826732e+00 1.012439094393073669e+00 1.116920746319572055e+00 1.213877627099152257e+00 1.347502931181356889e+00 1.223963047493427769e+00 9.636885214739618899e-01 9.225052453981088529e-01 9.225105322233998484e-01 8.481133844420690737e-01 8.350630314977135482e-01 8.220747350992116953e-01 9.099910384396595608e-01 8.400171237155110715e-01 9.539842688195617759e-01 7.758409448622979321e-01 6.762024162869545441e-01 8.840860344647099023e-01 9.855240441681570873e-01 1.197187819490126204e+00 1.102970135302746124e+00 1.065665449903182127e+00 1.410875222143644692e+00 1.433216982780366688e+00 1.073561107713633334e+00 9.469862731572195047e-01 8.503684056109401812e-01
9.472085410038193487e-01 9.640590275419232968e-01 9.559038909304630183e-01 9.589681601956620005e-01 9.777424585617903174e-01 9.856053700024413056e-01 9.896228139035985194e-01 9.894388284973006931e-01 9.887079093822674913e-01 9.818213944327968123e-01 9.959640284948716449e-01 1.022807807348397935e+00 1.009032435479664258e+00 1.006187620513230518e+00 9.606398178646885500e-01 9.781586587791575305e-01 1.024588598828833463e+00 9.818321614973291034e-01 9.923431847070796064e-01 1.041283988239576352e+00 1.032445568241667333e+00 1.004401557804122547e+00 9.479891175331278674e-01 1.020634321128505162e+00 1.060317947415974071e+00 9.769778318106057124e-01 1.024418016024540412e+00 1.001069874683562677e+00 9.790593818191359876e-01 9.479601133692289183e-01 9.110037782124268402e-01 1.021048758539198298e+00 9.188730078389055755e-01 7.866976581904761012e-01 9.539007990541359394e-01 1.089978026593707572e+00 1.055346014074421745e+00 9.882464030788707943e-01 9.590048673962101589e-01 9.015806092332073751e-01 8.660257478606874226e-01 9.465091540437806650e-01 9.236822891557109338e-01 8.899475504178672169e-01 9.234769952637014168e-01 8.240386197290040515e-01 8.300147086610337732e-01 8.495089270726720043e-01 8.668941819539260907e-01 8.048471257566321979e-01 8.013032721877001441e-01 8.674030833597939916e-01 9.368167992931153432e-01 9.932519550049837553e-01 8.452230905876373379e-01 8.501201343275294198e-01 8.808192708263042903e-01 1.027212465602603153e+00 1.146348474462761224e+00 1.191263773571133777e+00 1.174208969187945595e+00 1.084483103323039321e+00 1.185076418363320228e+00 1.122577269279764423e+00 1.272721884086923660e+00 1.004288054635165794e+00 8.985477908803093383e-01 1.196905896679826053e+00 1.258691052269841570e+00 9.357693749881171863e-01 8.868446772379346976e-01 9.297438004185409888e-01 8.601709462436595288e-01 7.950847249824458673e-01 8.816509059016681693e-01 7.872596795735163910e-01 7.369086058879048551e-01 8.237457880900209695e-01 1.065715935590379138e+00 1.021791948948177486e+00 1.004838331830544718e+00 1.020586674654958559e+00 1.328038292667607312e+00 1.557089441132209817e+00 1.246625604870486681e+00 1.015145180833281868e+00 7.727233569197515806e-01
9.505074927604504342e-01 9.293103628094657731e-01 9.507124131187019156e-01 9.780006236153582222e-01 9.778783489712652433e-01 9.809936899597555549e-01 9.787660602592312964e-01 9.887079093822674913e-01 1.002542325408709356e+00 9.999235156958200532e-01 9.843731759458623776e-01 9.895276779216116703e-01 1.005476600624689798e+00 9.983205489751518780e-01 1.012315481874019207e+00 1.019754350531566933e+00 9.876191830854471609e-01 9.942560335404084793e-01 1.084375674131468514e+00 1.090499803022302094e+00 1.023932421502063539e+00 1.022074170600251630e+00 1.007673482728202119e+00 9.783507571174242523e-01 9.456625842559021056e-01 9.502395406639038145e-01 1.001895171602575019e+00 1.027362079194196864e+00 1.015702465713629987e+00 9.997059849069008797e-01 8.528529353780155420e-01 8.942520185452108583e-01 9.340476982365268910e-01 8.407360209232304094e-01 8.840854344518709329e-01 1.049510869614637354e+00 1.082152596778645393e+00 1.021095790523872449e+00 9.204088455635324184e-01 8.833683144276751609e-01 8.838094218572029037e-01 9.465127522833390872e-01 9.386017181160533074e-01 8.643281682170362856e-01 7.534771298980245113e-01 6.763257875762205273e-01 7.937137475775752904e-01 8.038496402381100081e-01 8.492911143849032340e-01 8.922324118931979076e-01 8.144157905814659593e-01 8.054714994840143083e-01 8.504811285907933893e-01 8.770291087513822914e-01 8.199151125085382130e-01 8.599229852583089029e-01 1.117532626071224389e+00 1.058932272259751395e+00 1.111326933189243471e+00 1.204725872141213960e+00 1.195029435578807142e+00 1.109871458398399069e+00 1.086281835182922206e+00 1.250322773503776963e+00 1.121167188535383996e+00 9.474966914643165872e-01 9.130605070570623205e-01 1.188212685619184583e+00 1.243111738800851462e+00 1.063624874380756147e+00 1.062442592343631365e+00 1.001775878610791759e+00 9.240266686991103207e-01 8.600525946593133853e-01 8.307844560728707695e-01 9.049892016494917035e-01 8.468399836585732698e-01 8.013991600121029846e-01 8.373668980502209092e-01 7.644047593203634472e-01 8.811602323060893083e-01 1.173026384394051380e+00 1.231136819980639396e+00 1.140530178002552741e+00 1.208655994517463084e+00 9.543004707252836782e-01 7.687288766750631774e-01
9.393282044838238143e-01 9.630782882947862555e-01 9.675974571834141669e-01 9.970808293841700864e-01 1.009283764363049007e+00 9.836162356245375937e-01 9.685398987110566127e-01 9.818213944327968123e-01 9.999235156958200532e-01 9.878261299061357192e-01 9.787182595262486906e-01 9.838401193449646254e-01 1.004038755146779982e+00 1.010996331403700266e+00 9.793716570694216417e-01 9.794811006818749943e-01 9.656459827563363962e-01 1.025220511168613680e+00 1.086113963071121846e+00 1.073888796579121063e+00 1.026897635281432075e+00 1.033646887807243564e+00 1.036529971241075820e+00 9.057379512456669168e-01 9.000757929989218198e-01 9.742925130618745877e-01 1.033898156924965894e+00 1.020447964255990492e+00 1.051023622312200700e+00 1.068078037447192985e+00 9.819224952589670208e-01 8.883657291002049483e-01 9.746289327721620044e-01 9.918064989333027492e-01 9.152104403540751720e-01 1.030287832661371583e+00 1.050276764549027853e+00 1.083601386483494800e+00 1.070852100423904441e+00 9.339867601286041543e-01 8.142349087850571099e-01 8.127470248751261783e-01 8.207401346926281871e-01 7.717551161318176867e-01 7.370229781991957108e-01 8.050591233125279356e-01 8.174328711486299470e-01 9.885694572151176862e-01 9.865604842000400554e-01 9.410846455539713107e-01 8.981133824065207216e-01 8.202753970997704869e-01 8.377249564841752205e-01 8.561665684550253674e-01 7.122072709779381228e-01 7.339877733310641306e-01 9.156541839036789199e-01 9.639749968804288693e-01 9.964953938588279048e-01 1.112973498478703638e+00 1.013028148275473717e+00 1.054648219519120467e+00 1.166022748403538589e+00 1.142790298689850825e+00 1.054774698995249560e+00 1.136205732645840127e+00 1.085088605762936309e+00 1.080540558470788781e+00 1.306488572547224614e+00 1.212368096688266839e+00 1.190819904249743377e+00 1.150182946366316461e+00 1.076278432163946697e+00 8.594762304172604006e-01 9.434329638395511086e-01 8.869722637005679200e-01 8.737390880938742388e-01 8.921568459316592259e-01 8.340803592077989936e-01 9.243405134287283609e-01 1.063377571829793977e+00 1.379180106663190353e+00 1.301098424968330614e+00 1.037814272680964045e+00 9.709090564433409121e-01 8.695775117874628979e-01 6.493242569277783982e-01
9.189112746666963094e-01 9.307554551152809053e-01 9.806288351427396854e-01 1.023461695537411398e+00 1.008547393849879903e+00 1.002920004254153952e+00 9.985939900145212045e-01 9.959640284948716449e-01 9.843731759458623776e-01 9.787182595262486906e-01 9.821394758823173143e-01 9.832317610686841514e-01 9.975950740454683219e-01 1.024946998070774606e+00 9.991802355122983981e-01 9.723421834153750387e-01 9.912394776805275587e-01 1.013177128440937880e+00 9.786870742765642062e-01 1.019665094713511522e+00 1.024749217730609008e+00 1.042338648985019711e+00 9.312200302634094928e-01 8.955356151783331331e-01 9.818447166662918058e-01 9.386807696482817320e-01 9.237150711399233494e-01 9.707793627628668043e-01 1.036356410578213483e+00 1.048462238521749468e+00 9.850901068469762878e-01 9.689556167828302646e-01 9.344602626884366270e-01 9.163028324969324512e-01 9.458874755555947145e-01 9.663108286355135412e-01 9.800221179862995680e-01 1.078719786618032472e+00 1.065731191810459499e+00 1.007494891649280966e+00 8.784382956161976841e-01 8.285559994959004193e-01 8.003979362916262552e-01 7.990302377326115035e-01 8.564361253676038288e-01 9.373015636621045976e-01 9.217786035682751233e-01 1.078502612491016865e+00 9.973240382566310736e-01 8.231847339233131500e-01 8.831406855623917806e-01 8.557299752369825763e-01 7.754215795402562561e-01 8.200257496585968697e-01 8.588539218045111445e-01 7.876304416800873343e-01 8.174369858303768277e-01 9.814098779856400556e-01 8.873826285521845270e-01 9.036795298593018888e-01 9.153893562657727800e-01 8.474451311659405572e-01 1.125279708493732489e+00 1.013784556888261523e+00 1.073101807021118237e+00 1.221010066750267020e+00 1.220075599638221320e+00 1.150035154399980053e+00 1.093942652287223316e+00 1.119751004562502539e+00 1.248400212097641182e+00 1.094257414931494532e+00 7.790855588141597510e-01 8.345565965585927115e-01 1.026553017665921219e+00 1.006521682792629768e+00 8.615330837041151879e-01 9.558677709850991189e-01 9.675567364532792203e-01 9.541149015206791262e-01 9.774763006402844567e-01 1.280623618316484746e+00 1.342859584973111309e+00 9.180116578504287084e-01 8.773608059664744774e-01 8.352247262775955861e-01 7.439637689602074389e-01
9.780749416028875487e-01 9.473749575037342385e-01 9.807435798500266921e-01 1.064483127492785952e+00 1.045816645532647637e+00 1.025691544656067711e+00 1.030593773735111629e+00 1.022807807348397935e+00 9.895276779216116703e-01 9.838401193449646254e-01 9.832317610686841514e-01 9.856329054185203331e-01 9.839869647934844643e-01 1.005834827216775196e+00 1.007303392023074728e+00 9.974129433076359685e-01 1.013809686784794106e+00 9.801766496161340436e-01 9.481485785784621312e-01 1.005644586691408326e+00 1.010090224969585559e+00 9.780815459750339391e-01 9.491401484369839103e-01 9.482714739372324342e-01 9.487867537632468373e-01 8.862687102897283120e-01 9.178452531325695940e-01 9.553283651877100269e-01 9.667287574929035454e-01 9.995654867068183291e-01 9.999242027730972371e-01 9.544790899784175719e-01 9.507202440881208361e-01 9.685552453049370847e-01 9.525420848917638406e-01 9.967643526289814426e-01 1.016923653601763622e+00 9.878543475911339966e-01 9.505290947498521437e-01 1.013604271174650906e+00 8.798422952069990810e-01 8.352406433834411725e-01 8.379718646889131595e-01 8.495499278105639318e-01 9.711754982606041198e-01 8.794506279801344029e-01 1.041206518169336404e+00 1.212555880448828560e+00 1.040214452838968517e+00 8.372676314086026084e-01 7.865371376843159901e-01 8.176748816396067765e-01 8.429613547912094829e-01 8.625350065357905160e-01 8.754020346011858189e-01 8.582348874707175224e-01 9.062437860110947874e-01 8.780050158077329359e-01 6.593263597425926825e-01 7.336021146147613248e-01 9.452112900784758187e-01 9.516395257108287709e-01 1.145596518778477568e+00 9.452909771600279676e-01 1.009714793625665408e+00 1.198294664963241551e+00 1.234121674922932677e+00 1.204741763227286100e+00 1.044241169959035709e+00 1.108588479777677493e+00 1.033713245567719152e+00 7.973641115439158433e-01 6.481381601351278166e-01 7.906946763491873309e-01 9.218713514971892398e-01 1.051829477276890135e+00 1.042420231228586847e+00 8.904971036645231708e-01 8.884639682586261689e-01 8.677199780390253414e-01 9.051614445580817847e-01 1.130140506591567728e+00 1.162692966061945166e+00 1.018307362956104578e+00 9.531287347992319914e-01 8.357419143360524938e-01 7.011692594742640061e-01
9.493042629149317513e-01 9.619968641936395004e-01 9.560785086332511673e-01 9.799073397526061324e-01 1.001893551372321944e+00 1.004367449253946054e+00 1.035003092686785475e+00 1.009032435479664258e+00 1.005476600624689798e+00 1.004038755146779982e+00 9.975950740454683219e-01 9.839869647934844643e-01 9.837359008316277631e-01 9.909840723447831401e-01 9.887245917140131679e-01 9.907736150507110429e-01 1.002834966045639264e+00 9.784408231551897650e-01 9.617396762836786239e-01 9.768843703593157457e-01 9.844355199219231300e-01 9.639928680481540946e-01 9.804332606588659349e-01 9.613823904573005619e-01 9.401088906996019068e-01 9.267816885777065972e-01 9.504220639422060746e-01 9.136378147046584353e-01 9.168572715936028628e-01 9.424431941785434974e-01 9.892031401208508656e-01 9.590686856955573658e-01 9.798916229142695666e-01 1.040408272402291834e+00 9.054577094006047711e-01 9.402235036925730149e-01 9.829184486316918656e-01 8.665150298935663242e-01 9.758160817477037341e-01 9.785079727394411231e-01 8.703090671479970508e-01 8.574353259557041529e-01 8.895405116064133422e-01 8.325506715529910062e-01 8.752388387920458923e-01 9.186024827483769695e-01 9.973372898364178951e-01 1.144304972119676966e+00 1.075666233676412453e+00 9.109405729201726087e-01 7.993282303443752790e-01 7.467067821579975728e-01 9.103628486221682081e-01 8.483630470343629382e-01 7.177679117318929158e-01 7.126737318053907311e-01 8.195451164935245725e-01 8.267263563865139275e-01 6.515538619293768097e-01 7.076789770497606824e-01 8.659881265031923459e-01 8.138584281295794254e-01 7.928892173426781431e-01 8.169130578051426728e-01 1.000626311531796597e+00 1.199231169906061378e+00 1.058619398223085373e+00 9.334930417196618535e-01 9.461512074537614669e-01 8.921200693245301405e-01 8.445799843004124785e-01 7.651808679908168598e-01 6.865800548022797933e-01 7.049271888342528714e-01 7.974792847682596886e-01 1.002908550848372160e+00 1.014655593825788849e+00 1.047831016336110199e+00 9.415781033661417831e-01 9.841292646019308421e-01 9.403386638448616441e-01 1.034014901220279059e+00 9.821688108711145171e-01 1.100440928792517425e+00 1.007712474986532269e+00 8.723083403058857765e-01 8.477553324385374012e-01
9.149543674501074975e-01 9.361335454639029274e-01 9.123805381870230269e-01 9.025961138486988666e-01 9.646574427351938263e-01 9.796336436830457295e-01 9.975570332388790096e-01 1.006187620513230518e+00 9.983205489751518780e-01 1.010996331403700266e+00 1.024946998070774606e+00 1.005834827216775196e+00 9.909840723447831401e-01 9.774254513826802215e-01 9.890573675979129620e-01 9.924096782671483208e-01 9.927243769506565174e-01 1.022936936636552829e+00 1.006193254861633690e+00 9.632010504743834245e-01 9.731165540148645210e-01 1.007074039653704789e+00 1.016365750796036638e+00 1.027270780434325070e+00 1.012491156657260971e+00 9.641418086327613324e-01 8.963734194702636104e-01 8.964141937182962261e-01 9.411440106304268527e-01 9.585596759060311944e-01 9.241177462707986789e-01 9.664962940810192249e-01 1.034381612955717511e+00 1.022374380034404506e+00 9.374475459982339887e-01 8.700522265393348942e-01 8.636598866392584117e-01 8.500174333545480465e-01 8.999839964827391903e-01 9.772405970495839922e-01 9.291988786417052504e-01 7.713246090753728135e-01 7.907503993540858644e-01 8.724441320038909264e-01 7.907196065115122963e-01 8.509019031590552284e-01 8.800394680523340174e-01 9.884345151142472918e-01 9.948968168201695050e-01 1.037362310575327795e+00 1.003773773821910353e+00 8.106153795445492083e-01 8.366825974439195956e-01 9.574069900919094378e-01 9.157996439238959008e-01 7.036596765485194638e-01 7.594849559743461764e-01 9.456595573905623997e-01 9.542051706219359941e-01 7.746458789306283066e-01 8.154836917938703689e-01 7.772840268905613081e-01 7.424115735207922340e-01 6.941290159461180886e-01 9.897948798498222844e-01 1.151969675031968121e+00 8.937082851203907996e-01 7.621092160685910555e-01 8.422075272832598714e-01 1.039305479714029978e+00 9.330583298244680135e-01 6.992823158071607148e-01 9.210934964517845103e-01 9.461191030954974046e-01 7.629703742162504687e-01 7.505773169136508161e-01 8.989457574733858980e-01 9.849477737301967073e-01 9.621689180264169083e-01 8.162751938195189627e-01 8.341533800547247246e-01 1.055570808589589626e+00 1.107588777807866132e+00 1.023535011927007021e+00 9.398738497268912528e-01 1.049867714362578974e+00 1.297976111271167188e+00
9.996296341232674409e-01 9.742839738297695007e-01 9.452976318739337858e-01 9.472769459499364997e-01 9.445562340788725697e-01 9.546520158344637963e-01 9.025856641103766620e-01 9.606398178646885500e-01 1.012315481874019207e+00 9.793716570694216417e-01 9.991802355122983981e-01 1.007303392023074728e+00 9.887245917140131679e-01 9.890573675979129620e-01 9.907776085266770671e-01 9.878538275054196127e-01 9.875357411079896952e-01 9.905540342828292877e-01 9.877920489194316200e-01 9.971461215717726256e-01 9.968816804648544805e-01 1.014466432929540529e+00 1.033087075071436267e+00 1.046660229233669526e+00 1.060363499561156386e+00 1.002330327968960821e+00 8.775992715708893499e-01 9.694135269912104169e-01 1.014812178168894130e+00 9.785959377467801090e-01 9.532471642975878234e-01 8.980659352518006733e-01 9.678283765390127691e-01 9.317439682173715987e-01 8.302580138820833122e-01 9.192614469876849714e-01 9.347677800014831950e-01 7.942000665647314106e-01 8.682319889863679974e-01 9.952555746532995018e-01 8.740229612929373282e-01 7.556781736315507647e-01 8.442944773053264740e-01 8.664234236129417788e-01 8.654896251029425835e-01 7.903076858560319495e-01 9.155918463992840373e-01 1.073267135544884843e+00 1.005893199918052705e+00 9.843467741504786650e-01 9.453423494770677449e-01 8.029010892454906401e-01 8.246351804804139540e-01 8.930289900421235494e-01 9.325910634329216409e-01 8.119619685612219362e-01 9.309929234379419327e-01 1.039361457081093398e+00 9.879836516528558432e-01 8.883979096738403580e-01 1.025335214095052461e+00 1.001435190168769918e+00 8.331752564548479123e-01 7.498813735542326775e-01 1.012733729035786956e+00 1.137338394341567138e+00 9.402854774988840258e-01 1.016702897497511193e+00 1.070893482000555563e+00 1.158591154142176949e+00 1.164029212948775927e+00 8.814529270509109393e-01 8.536495833112097698e-01 9.221476930075620526e-01 9.763230007584149384e-01 8.495317297414464175e-01 8.025947166300938518e-01 9.596134600489910627e-01 1.057296146091747158e+00 1.060375706686331299e+00 8.643230856337691392e-01 8.901580618998519157e-01 1.080048604607683593e+00 8.956624927601449793e-01 8.269729442383556561e-01 1.021138536576274847e+00 1.340713784756350169e+00
9.790743894521101165e-01 9.716015988404003156e-01 9.800779127585639294e-01 9.874359294503262108e-01 9.708845571592102930e-01 9.756041819431271467e-01 9.395513995499564786e-01 9.781586587791575305e-01 1.019754350531566933e+00 9.794811006818749943e-01 9.723421834153750387e-01 9.974129433076359685e-01 9.907736150507110429e-01 9.924096782671483208e-01 9.878538275054196127e-01 9.930626685217465166e-01 9.976903538694330553e-01 9.796991143657689527e-01 9.950982525634656239e-01 1.002612220356351225e+00 9.738568059855753356e-01 9.620815375678615222e-01 1.006306638854666202e+00 1.040052986113794820e+00 1.051682015795784686e+00 9.925410947758799285e-01 9.534167357121489106e-01 9.938677783548034439e-01 1.040021000108291016e+00 1.008782937550369185e+00 9.380701822858714678e-01 9.101834823012058262e-01 9.333301090252824617e-01 9.274319762855319782e-01 8.976190534802146459e-01 9.213626505789268561e-01 9.272117421222202394e-01 8.513191075280708286e-01 8.906279884851883155e-01 9.537376288571227656e-01 8.725609900943337438e-01 8.516303950383384835e-01 8.927711763951909907e-01 8.356533732384969770e-01 8.882871556177243111e-01 9.056592030296509721e-01 8.698530075336231571e-01 1.029476142816108108e+00 1.096881476779766107e+00 1.044700261674542663e+00 8.940674884133931188e-01 9.561979983420445528e-01 9.770663815115737671e-01 9.782387936233245540e-01 9.038364195802187639e-01 8.753861491852288346e-01 1.081483325605656631e+00 1.107081371648972912e+00 1.042101720514752916e+00 1.018661331558790684e+00 1.093343394583213390e+00 1.086648637311809384e+00 9.529245719084448174e-01 9.949611569597585081e-01 9.421706309107334976e-01 9.988737863642279668e-01 1.070824192426039989e+00 1.255024590357412206e+00 1.158800944262080135e+00 1.136409509252412242e+00 1.229133995010728952e+00 9.826724286059503877e-01 9.461388397227628033e-01 1.024619075897520659e+00 1.161937572990309198e+00 1.079491488981249914e+00 8.598160138899629823e-01 9.489214016723962475e-01 1.207451515005986575e+00 1.220291911395762874e+00 9.097428435196577290e-01 8.808146448217755164e-01 1.078467051322745451e+00 9.805594550424682199e-01 1.010215626321615545e+00 1.042014697056675043e+00 1.225985096782732819e+00
9.494596875362466548e-01 1.003788505608789627e+00 1.042481467470168344e+00 9.750475109270521079e-01 9.632940445082747161e-01 1.003751623644909996e+00 1.030438581141606136e+00 1.024588598828833463e+00 9.876191830854471609e-01 9.656459827563363962e-01 9.912394776805275587e-01 1.013809686784794106e+00 1.002834966045639264e+00 9.927243769506565174e-01 9.875357411079896952e-01 9.976903538694330553e-01 1.002982364227004819e+00 9.841837800918697976e-01 9.912109326637317253e-01 1.000873857099278341e+00 9.734316158503002470e-01 9.599650257091075778e-01 9.894840922393518534e-01 1.016652799501335469e+00 1.056169402928638368e+00 1.009474907798066479e+00 9.909488287209370361e-01 1.002485732216193526e+00 1.045387456611528210e+00 9.959323137316474783e-01 9.001524416085630032e-01 9.319628823565752063e-01 9.219679264386511086e-01 9.178499956184228425e-01 9.299760680761847143e-01 8.851955716404559249e-01 8.763676648002126646e-01 9.530769867870250156e-01 9.350226799071247319e-01 9.099571083741502253e-01 9.583847500894928650e-01 9.333978299892303765e-01 9.206677982739988053e-01 8.548742992581035427e-01 9.067833017488189373e-01 9.390564218155116327e-01 8.936117026852345990e-01 9.823851864563714065e-01 1.153018647441970135e+00 1.078586838600977371e+00 1.026499070986749418e+00 9.803427001892282000e-01 1.003675712917264429e+00 1.033716077297320401e+00 9.611361071011902402e-01 1.006664738593207264e+00 1.137766240012795249e+00 1.073475215007909433e+00 1.063367621057390577e+00 9.943928632694808423e-01 1.033239994701240505e+00 1.069968458594152905e+00 9.854032497011270264e-01 1.057671456928812814e+00 9.632349562031236045e-01 9.150532508295310397e-01 9.922634520747630749e-01 1.028673942978973299e+00 1.113139213795616866e+00 9.561642816293698388e-01 1.018413499015299761e+00 9.980913885994818768e-01 9.224533692957725961e-01 9.840061282050677205e-01 1.021703151137611787e+00 1.076331943248380663e+00 1.038786954903560433e+00 8.569177017931403073e-01 9.813362562483464169e-01 1.134839280100146564e+00 9.313815007997653383e-01 9.404463464852990118e-01 1.083273769423654054e+00 1.081760939017561540e+00 1.190023216688576024e+00 1.223197317113435156e+00 1.087502129793445516e+00
1.025294937411812102e+00 1.106828407622620913e+00 1.112667265310012477e+00 9.723138362371359644e-01 9.728807610623312341e-01 9.766061990768628576e-01 9.768271205783609634e-01 9.818321614973291034e-01 9.942560335404084793e-01 1.025220511168613680e+00 1.013177128440937880e+00 9.801766496161340436e-01 9.784408231551897650e-01 1.022936936636552829e+00 9.905540342828292877e-01 9.796991143657689527e-01 9.841837800918697976e-01 9.983146936051319198e-01 9.997660559992131990e-01 9.951898130995572300e-01 1.006196773062643546e+00 1.020564337708450564e+00 1.012432867618207499e+00 9.951391363935424561e-01 1.023665326675637033e+00 1.002234934954348011e+00 9.528731831444956502e-01 9.924134023034587582e-01 1.028636800412603636e+00 9.509043194591183523e-01 9.090434674660891057e-01 9.568673586061625658e-01 9.645832030135673696e-01 9.310602283437596771e-01 9.311299372528994978e-01 8.844265323002049595e-01 8.877933277585231542e-01 9.052764468712249935e-01 9.201662697265137192e-01 8.866260720799322703e-01 9.284385538325782283e-01 9.033673351211324309e-01 8.815018082034362656e-01 9.153251690993948753e-01 9.548778273490310387e-01 9.159861593889859765e-01 8.423009684187466872e-01 9.527775169271294198e-01 9.898653161859054528e-01 9.651170798680998031e-01 1.022610551700591452e+00 9.641317531498959648e-01 1.012810263217599038e+00 1.103587151732945859e+00 1.069737008855646598e+00 1.159373372106982547e+00 1.145165337406221395e+00 9.403083214582893534e-01 8.948285417156568444e-01 9.025652660134824146e-01 1.030376666648876283e+00 9.830425338758973508e-01 8.503655708282009673e-01 9.244559461600203587e-01 1.011094249370977360e+00 1.000412772314474896e+00 8.356948905466798916e-01 9.225068486015500779e-01 1.055865228582775428e+00 9.378857667885858174e-01 7.516111170772293848e-01 7.369753106840120083e-01 8.238559491628495435e-01 8.444548951538713988e-01 9.617814895700705913e-01 1.099686790092359256e+00 9.080444109044002454e-01 7.946328775210309558e-01 7.815994294992097968e-01 9.409735927108658915e-01 9.588752342586568389e-01 9.900930853986326108e-01 1.041545618851459576e+00 9.181066028626518882e-01 9.041586823366680736e-01 9.776651024416103120e-01 1.043633822166712521e+00
