1.104787704089162714e+00 9.619265924034408055e-01 9.701299985066909048e-01 9.653101927518258352e-01 9.796826570855028393e-01 9.664119875381300684e-01 9.445189615501314861e-01 9.373235585647748946e-01 1.010549377988466224e+00 1.040235114469084676e+00 9.984079952556076387e-01 9.290841034370410645e-01 9.688829488773401666e-01 1.008422344688075789e+00 1.014470684283126145e+00 1.049052625622118429e+00 1.134060953705826158e+00 1.078675114214113107e+00 1.023789453626935408e+00 1.068670101205855261e+00 1.129151847203692549e+00 1.076086032387783664e+00 1.015276757959804543e+00 1.079825249268544729e+00 1.076599888100370883e+00 1.002026448420054283e+00 1.145619256221320326e+00 1.209426226777972291e+00 1.139201467661769440e+00 1.050186686391174851e+00 8.463141226627775016e-01 7.837543525280310508e-01 8.216627178558724154e-01 8.928163320419031379e-01 9.421954368086946641e-01 9.024404539182772078e-01 8.586955115921103276e-01 7.868088170568741102e-01 7.676849525406919117e-01 9.771261591042995631e-01 1.033948594855408576e+00 9.844205966031923660e-01 8.864309761600277504e-01 8.648842135992864666e-01 9.593197650830587175e-01 7.749220999516647224e-01 7.925669622205880893e-01 8.477521429533672048e-01 9.320383312593429892e-01 9.592807055160909036e-01 8.476566757199879287e-01 9.114318202388498324e-01 9.272743698858848527e-01 8.598761174193031431e-01 9.798837957406874022e-01 1.113288268634038403e+00 9.763957043369537736e-01 9.440189323287280221e-01 9.497107367442116921e-01 9.106753270137623035e-01 8.745104944790206281e-01 9.085776352469483452e-01 9.099592929955921949e-01 9.189361769039714467e-01 9.723347970544100605e-01 1.006471949181681369e+00 9.544948163607748226e-01 7.324833848974415806e-01 6.596561658030634101e-01 7.574019298116498877e-01 8.219877050822035347e-01 9.085555623663692515e-01 9.512037463895423040e-01 9.678685180851813730e-01 9.102442299388423530e-01 1.003308136542538476e+00 9.322367542923093442e-01 8.022390947862517718e-01 8.540544450051288372e-01 1.014888035370360653e+00 7.034207946688418867e-01 6.945551996263701344e-01 8.821742517709680875e-01 7.945134108533585815e-01 8.800406997393814823e-01 8.153392739648432919e-01 6.930891810576076395e-01
9.619265924034408055e-01 1.134781111065797932e+00 9.889070300847501160e-01 9.806270888274977171e-01 9.748010500380284160e-01 9.872596038077743330e-01 9.651326975627430027e-01 9.616044211170059475e-01 1.007751098594599659e+00 1.009690712536500001e+00 9.819836290618834118e-01 9.986983719806179494e-01 1.010725510585367193e+00 9.688042478376572841e-01 9.939018023134646995e-01 1.060286626883872207e+00 1.125895555237288237e+00 1.103499909603112394e+00 1.042014261805353836e+00 1.123979673094298359e+00 1.153850631153267248e+00 1.063585452197854275e+00 1.026985215272652185e+00 1.077972097176523203e+00 1.033669601024254092e+00 9.365002766508578880e-01 9.629262580539316163e-01 1.002227541657361831e+00 1.017228517046300906e+00 1.019504116485684397e+00 8.851959899243001528e-01 8.351781258080559489e-01 8.111633702380560695e-01 8.575230719866844264e-01 8.513062892503652224e-01 9.213079835052823130e-01 8.308028022507106813e-01 6.946628934399878830e-01 7.840714575098717276e-01 9.044890012153244951e-01 9.571742675396440747e-01 8.442336284832349103e-01 7.690361287916502864e-01 8.312206580533629818e-01 8.428595315941138644e-01 7.590608969257927052e-01 8.273307165289419673e-01 1.042300903054287353e+00 1.070719404968572652e+00 9.733369605371433586e-01 8.745460301065423048e-01 9.039731842361472536e-01 9.489822119510936682e-01 1.021372407809024940e+00 1.010919874312666389e+00 1.037557499504455638e+00 8.414217714045933993e-01 7.910973943955855736e-01 8.933096761349330617e-01 9.408237565180910256e-01 9.490383800230851596e-01 9.516242413564398595e-01 8.151044375700251532e-01 7.947296252259876681e-01 9.543501108889775875e-01 1.069572095613156248e+00 9.693520659313751286e-01 8.166581579048852735e-01 8.215174373872198288e-01 8.368726540155583260e-01 9.409290186980688864e-01 9.352554245420674484e-01 9.106949249178881711e-01 9.038961341166065200e-01 8.640638968463800751e-01 8.373295473938938693e-01 8.610405815062209811e-01 7.579662994438116641e-01 7.515391951302328177e-01 7.631318889977002362e-01 6.408293209536970458e-01 7.435708625987452747e-01 8.600889832983421579e-01 8.085450656938266700e-01 8.303805257796719186e-01 9.024824764971115520e-01 8.506836988548737155e-01
9.701299985066909048e-01 9.889070300847501160e-01 1.008480790473335498e+00 9.591469475022619262e-01 9.863809064644657454e-01 9.938121863424626001e-01 9.637928193983748004e-01 9.488699214156410822e-01 9.723523158983550241e-01 1.011021907266064002e+00 1.007411614585157711e+00 1.029607553472089432e+00 9.891331115125668871e-01 9.733553657153901639e-01 9.728994067821667979e-01 1.001262166273713783e+00 1.051874319930423463e+00 1.094317644408171697e+00 1.062651954093813744e+00 1.072138886931499391e+00 1.075470800724176224e+00 1.003150366071932531e+00 1.033314833428842228e+00 1.070216561961864432e+00 9.985754284558245875e-01 9.257820985852790452e-01 9.181330542179887422e-01 9.232776564629823213e-01 9.662636055705410287e-01 9.585248938633331717e-01 8.809329178177741637e-01 8.407872639435993722e-01 8.695129989692162997e-01 8.268920371358357002e-01 8.299614730494820902e-01 8.275655692485018866e-01 7.989413240749126954e-01 7.597089226619241353e-01 7.379318855234082708e-01 8.555298044725783146e-01 8.881775863763035073e-01 8.084451369288698785e-01 7.507000363904252627e-01 7.874312034698683904e-01 8.527130979066759320e-01 8.848702439550258925e-01 9.490316951993583716e-01 1.039117286875462565e+00 1.106529582844998583e+00 8.947408314018077125e-01 7.684044979988992052e-01 9.134593860044083469e-01 9.693504453866167436e-01 1.098766624030123706e+00 1.052845270304763048e+00 9.679581097957711266e-01 8.749940792225685549e-01 7.726784516155434934e-01 8.613190225442353132e-01 1.046271331950540118e+00 1.080631842010139287e+00 9.915227602454739220e-01 8.099339132214212755e-01 7.812031268854500166e-01 8.489415880590093222e-01 9.321671623254040862e-01 8.861604571865737690e-01 9.234743421720487122e-01 8.895311673923315121e-01 9.131259220171430435e-01 9.990775820443124067e-01 8.177801071893839868e-01 7.457289348052130729e-01 7.609895487725586438e-01 7.463625261939327293e-01 7.533206733387916021e-01 8.415048018485596915e-01 8.591386291405342934e-01 7.195847034747024917e-01 6.451482202286671352e-01 6.869062103661814911e-01 9.657310468125246405e-01 9.187944740929470111e-01 8.499573867656682324e-01 8.629556072545264689e-01 9.153677552890009395e-01 1.012962712426453749e+00
9.653101927518258352e-01 9.806270888274977171e-01 9.591469475022619262e-01 1.025161251706595333e+00 1.017522273377452047e+00 1.032368504933248277e+00 9.697906024257778590e-01 9.348321835406500080e-01 9.567810559173179907e-01 1.015026471284327325e+00 1.057150942007735406e+00 1.054399893529051280e+00 9.857673100369618302e-01 9.860871688362902177e-01 9.842715515708304608e-01 9.907750979365642641e-01 1.065649775125235843e+00 1.062528950124260074e+00 1.017980118666313105e+00 9.944262370585106314e-01 9.805755517544127997e-01 9.677083739203595769e-01 9.645529544233313324e-01 9.493666795010462511e-01 9.443408044289899328e-01 9.292244823161365241e-01 9.671035556186882154e-01 9.743871643369388380e-01 9.414999965482865329e-01 8.514538172715172548e-01 8.091685932820849025e-01 8.232797641593176952e-01 9.226158285267301862e-01 9.213208727894537375e-01 8.989603644039830810e-01 8.784913310447725054e-01 8.830644588846272569e-01 8.652740267773945115e-01 7.568630673040868118e-01 8.164405557808449565e-01 9.210391430184505790e-01 9.526403457543284325e-01 9.163231924407193585e-01 8.542202003282066691e-01 9.655764304207385962e-01 9.865878460732291355e-01 9.405998698085876741e-01 8.989426753032880857e-01 8.942106112346195346e-01 8.109130977809837493e-01 7.474955000191350063e-01 8.102121479548911598e-01 8.898433566689409879e-01 1.076707528819003779e+00 1.044043951991192376e+00 1.027259464918664822e+00 1.016392715631975863e+00 8.477254587694603716e-01 9.207330526082175837e-01 1.040918209063810274e+00 1.117720352285683560e+00 9.958530697750256344e-01 8.330678935605457802e-01 8.552287560888808260e-01 8.116904591645516254e-01 7.885969740460017086e-01 8.112027554461023193e-01 8.861938980271705235e-01 8.787253498097921112e-01 8.739723868698834330e-01 9.624012836442089602e-01 8.891371404494526898e-01 8.632072203621520279e-01 7.668495166157267562e-01 7.505892701227121488e-01 8.755509155985621295e-01 9.185451644009156036e-01 8.570288665259772065e-01 8.692408023099221781e-01 8.616296782667423049e-01 8.354153577598428804e-01 9.019588787034795718e-01 7.650330803720324369e-01 7.032961862918832852e-01 8.550955186370393646e-01 8.870826228480755971e-01 1.022897731819706335e+00
9.796826570855028393e-01 9.748010500380284160e-01 9.863809064644657454e-01 1.017522273377452047e+00 1.097004292387669278e+00 9.934250997207886291e-01 9.848847097545078144e-01 9.725900529498514580e-01 9.623749143096650416e-01 9.867449567690970147e-01 1.045359804884087085e+00 1.043291744800981524e+00 1.012389402407407157e+00 9.929355469501969234e-01 9.787552796502596575e-01 1.009024184255862489e+00 1.048066070021583140e+00 1.032539993675591461e+00 1.043035925037320899e+00 1.069486372013903175e+00 1.048421345386759462e+00 1.062755514568143100e+00 1.038399788915606914e+00 1.008240823485395232e+00 9.711471927498941392e-01 9.342654274869732767e-01 9.897891805248891783e-01 1.013360348883257211e+00 1.000126194019458792e+00 9.456911691587396307e-01 8.035625415344410660e-01 7.717937600531832310e-01 8.706976777248478516e-01 1.002361151806901773e+00 9.275868438116083858e-01 9.054315755823432177e-01 8.783285617779476029e-01 8.378409457484634615e-01 7.884793632715304534e-01 8.173492217678998140e-01 8.625125642825554051e-01 9.228083170262314505e-01 9.307867738035658922e-01 9.132680873327150284e-01 8.896521850218491734e-01 9.118772912047714563e-01 8.436667947052846062e-01 8.571105044527662642e-01 9.144002449216657169e-01 8.702312749790162005e-01 7.862172923270381864e-01 7.687226236360418241e-01 8.452593611953619357e-01 8.930018556975486410e-01 8.834616296811180769e-01 8.949483790423856666e-01 9.338983205607438443e-01 7.503154759536729834e-01 8.286316802146413973e-01 9.115778151337935453e-01 9.280153446469285861e-01 8.520361819588760932e-01 7.622540264326569392e-01 8.660972201158090300e-01 8.662152159093801096e-01 7.793251519581586573e-01 7.959721692540369098e-01 8.022878946871593309e-01 9.023539787948163804e-01 8.235987221510269185e-01 8.110336921775513908e-01 8.837684687474020029e-01 8.926468169267367525e-01 8.886196582776964004e-01 9.212409684351651196e-01 1.069573963525265459e+00 1.012968861894887107e+00 8.493152616411646649e-01 9.545220741619111493e-01 9.887317451164175930e-01 9.920586813708407448e-01 8.050598918894235068e-01 6.200681829230701991e-01 7.306989211272968410e-01 6.575367208723218448e-01 6.607634982245582655e-01 7.243981548072717658e-01
9.664119875381300684e-01 9.872596038077743330e-01 9.938121863424626001e-01 1.032368504933248277e+00 9.934250997207886291e-01 9.572788044736847413e-01 9.777065649352817411e-01 9.905661344505621857e-01 9.742972139417475086e-01 1.013777479284545313e+00 1.038564330884665488e+00 1.000356495586338879e+00 1.003112027532816253e+00 9.899568468369543961e-01 9.584378126987619373e-01 9.904036136271175961e-01 1.025839638161663681e+00 1.051605534193059244e+00 1.056234699950595601e+00 1.111824588871899389e+00 1.077340547649315194e+00 1.046238753084106188e+00 1.051648190534822058e+00 1.043350163842044598e+00 1.035631047511925473e+00 1.055304237124310429e+00 1.076848638174844774e+00 1.019180493046388580e+00 9.939586526994750315e-01 9.667117372790545726e-01 8.496070971818689976e-01 8.037637465884793775e-01 8.570716891948698679e-01 9.725343088074619446e-01 9.182344498064570759e-01 9.339452322800708695e-01 9.218243720496266391e-01 7.864631658981141582e-01 8.279983037061472428e-01 8.429657806413478616e-01 8.741001452321653931e-01 8.219549316904574132e-01 8.336384072008465873e-01 7.551890142472271750e-01 7.653043175832823231e-01 7.655349740864336727e-01 7.969260552702365219e-01 9.114336802284102035e-01 9.673532422749756554e-01 8.980843365843600434e-01 7.963788095900310449e-01 8.509905535133107657e-01 9.109867897729834185e-01 8.976307125485420979e-01 9.604323192301218448e-01 8.966398585722417103e-01 9.769944035237450031e-01 8.170353557750109630e-01 8.310705902454290639e-01 9.641157136519571402e-01 9.785494873187929876e-01 9.634521001666103146e-01 7.491090678430188943e-01 8.282875853441312719e-01 9.680843781043613205e-01 9.270052397503542041e-01 8.617131098166476155e-01 8.433065887265210891e-01 9.965304852149982073e-01 8.230009235141848567e-01 7.871662724887682483e-01 8.436853495639216050e-01 9.038240234672004769e-01 1.152841612477251587e+00 1.172172943652199928e+00 1.260578709436484202e+00 1.108793947378267308e+00 8.993274792721998034e-01 1.005718706282096253e+00 1.017674413257605215e+00 1.058123051082558108e+00 8.768671766024553893e-01 6.789311285343324620e-01 6.360404645657763423e-01 5.997849588732068193e-01 6.627994932257069705e-01 5.016979079680403686e-01
9.445189615501314861e-01 9.651326975627430027e-01 9.637928193983748004e-01 9.697906024257778590e-01 9.848847097545078144e-01 9.777065649352817411e-01 9.711442382516282112e-01 1.003443941984927257e+00 9.692359774654801807e-01 9.962759907616486332e-01 1.016112026556620362e+00 1.004471407764216728e+00 1.023786215747269912e+00 1.019777389849134686e+00 9.495626812817704598e-01 9.550240050829540417e-01 1.004006424668565378e+00 1.038502096503996608e+00 1.046537667506711289e+00 1.053438210284672882e+00 1.074479907454684913e+00 1.033756498959838455e+00 1.004404593764148590e+00 1.039631139405292393e+00 1.093035613105866055e+00 1.102946982315053503e+00 1.080343427623182917e+00 1.038157673087312105e+00 9.771019460260504941e-01 9.272433337732760572e-01 8.551763478685127096e-01 8.239429475667205960e-01 7.903254309090874674e-01 8.254589291902301174e-01 8.167210985611242924e-01 8.331983331237724499e-01 8.977887173380897368e-01 7.989827937330089558e-01 8.708449559899845704e-01 8.654060037891483370e-01 8.573957742071929289e-01 8.179058059665447189e-01 8.202371452773935534e-01 6.651765310214851068e-01 7.074654938560028805e-01 7.340232729067683870e-01 8.063793443329597688e-01 9.285783409307847291e-01 8.909860381787033656e-01 9.040807683553810925e-01 8.931751743935607557e-01 9.724117871930952894e-01 1.053285394555354637e+00 1.036682519352809084e+00 1.138287269835962734e+00 1.031179281271584758e+00 1.066479061150160446e+00 9.733128320524000454e-01 9.112701185136710125e-01 9.153289180655919122e-01 1.011266976764378711e+00 1.055537540752004455e+00 8.459293779433493254e-01 8.118735265822152325e-01 8.014885072304996916e-01 8.021692683751786568e-01 7.947320623275613283e-01 8.328907536324138272e-01 1.012867853170535293e+00 8.910701022897301593e-01 8.283958380749020245e-01 7.867495135669543282e-01 8.369642074323871972e-01 9.241180177802891249e-01 1.107889440731598230e+00 1.205242784433556480e+00 1.000332869053675022e+00 8.732409172881888670e-01 1.026323593578754245e+00 1.056399441361967506e+00 1.005079590150986579e+00 9.554809053845406686e-01 7.854577915750230455e-01 7.546615507652358890e-01 9.105653934657892412e-01 9.631343414302002692e-01 7.904760051505874685e-01
9.373235585647748946e-01 9.616044211170059475e-01 9.488699214156410822e-01 9.348321835406500080e-01 9.725900529498514580e-01 9.905661344505621857e-01 1.003443941984927257e+00 1.055069126361517728e+00 9.856460673324112243e-01 9.709617655952211823e-01 1.010059873827532151e+00 1.014503861987159805e+00 1.011106699230821082e+00 1.030632172133823188e+00 9.772387300787364062e-01 9.868290134645653078e-01 1.004714943881773737e+00 9.987413971094607490e-01 9.936339661426302206e-01 9.867880518985165939e-01 1.006809887067414477e+00 1.019379686835864884e+00 9.909680728017246087e-01 1.010048568057946961e+00 1.046158103625703717e+00 1.079295354119638173e+00 1.101642021074279665e+00 1.053456056740452507e+00 9.663437047132630298e-01 9.080230522919906511e-01 8.536031108409789514e-01 8.274545210208563706e-01 8.117748665462288793e-01 8.167522528458494024e-01 8.376176601953102541e-01 8.403958310007214605e-01 8.745247999472141043e-01 8.203116119251260274e-01 8.731093919714331131e-01 8.326691833052464187e-01 7.999160453541467319e-01 8.687258125419951016e-01 7.979424266828610834e-01 6.374355364989015005e-01 7.233732380865114386e-01 8.016819863348250141e-01 8.245040781866009860e-01 8.422247992069472611e-01 8.187093812315922037e-01 8.502079598267991978e-01 9.059222824433630361e-01 1.015416234197983325e+00 1.074187007146134354e+00 1.057927909573233460e+00 1.102495502836382535e+00 1.047001020638419932e+00 1.074029324763157600e+00 9.644527473647953597e-01 8.724896992142745500e-01 9.208237560339426198e-01 1.136406578063417827e+00 1.107209456194576891e+00 8.291125645051712345e-01 7.599326906093637479e-01 7.107133636324932668e-01 7.138337304345180323e-01 7.593350301964971738e-01 8.153503859639797957e-01 9.640192980850109672e-01 9.405300375257693579e-01 7.781859423745065563e-01 6.694538835496206541e-01 7.139272326331578267e-01 8.003714699215145334e-01 1.047119179281315038e+00 1.234315642328677631e+00 8.875988217594642515e-01 8.085083511972016579e-01 9.095246534258495386e-01 8.937691288977194226e-01 8.798368881046804146e-01 9.554460315699532247e-01 8.591988292410305261e-01 8.382563450296168783e-01 1.027875187174329685e+00 1.036554540819110803e+00 8.704127388512042929e-01
1.010549377988466224e+00 1.007751098594599659e+00 9.723523158983550241e-01 9.567810559173179907e-01 9.623749143096650416e-01 9.742972139417475086e-01 9.692359774654801807e-01 9.856460673324112243e-01 9.785867050531985578e-01 9.552837177234588806e-01 1.015389652713936108e+00 1.012688813242947239e+00 9.800254031917398079e-01 9.807905882512911733e-01 1.047903588131392061e+00 1.051230524874189554e+00 9.893505107590521153e-01 9.946220717827118918e-01 9.976294519308128717e-01 1.002917936269525745e+00 9.993947093283994665e-01 1.009488660225852596e+00 9.703397326706949544e-01 1.010020499139461680e+00 1.040502501320112572e+00 1.029997757925290802e+00 1.066030276171913371e+00 1.005953935947814903e+00 9.916011568277340871e-01 9.361720685612537896e-01 8.661700673484938884e-01 8.298486570176569765e-01 8.975570022839390871e-01 8.526752779860088394e-01 8.420821722591405045e-01 9.039915288306294983e-01 8.951757137520457430e-01 8.086703552249934202e-01 8.433610295350268959e-01 8.322743558260109475e-01 8.358599163776420093e-01 8.567714450862392583e-01 8.590235857929411356e-01 7.861409798588254727e-01 8.364857485117968006e-01 8.936555404253294643e-01 8.936350104954638995e-01 8.420413053336343046e-01 8.834956573347080289e-01 8.591880617966175526e-01 9.445013193219746750e-01 1.088774131163443126e+00 1.143473416887350824e+00 1.047845445150626498e+00 1.073953288413636908e+00 1.029470642834370731e+00 1.004462133803502466e+00 8.802976126740111873e-01 8.526414865106661800e-01 9.243917038280331511e-01 9.817074391845955761e-01 1.000444169008256168e+00 9.481699106722891734e-01 8.306163443129302992e-01 7.910542183983481079e-01 8.334444561647688099e-01 7.981814912876799006e-01 7.874240694990424227e-01 9.929521764960633767e-01 9.274720391193570501e-01 7.917022358487422196e-01 6.300596821689625759e-01 6.594223775201991655e-01 9.632759803486020678e-01 1.028761893990826959e+00 1.048074880493411465e+00 9.218527787335152324e-01 8.377168465313631351e-01 8.817709516558684957e-01 8.518670279896223274e-01 9.811752678496890034e-01 1.079460293408596616e+00 9.563219836368002102e-01 7.966067238311295151e-01 8.918341345657813113e-01 8.250872288041932734e-01 9.045871650612639092e-01
1.040235114469084676e+00 1.009690712536500001e+00 1.011021907266064002e+00 1.015026471284327325e+00 9.867449567690970147e-01 1.013777479284545313e+00 9.962759907616486332e-01 9.709617655952211823e-01 9.552837177234588806e-01 1.032330252884088750e+00 1.092743004912528404e+00 1.039454713250173024e+00 9.866257475451846171e-01 9.683680589119282311e-01 1.020273876217640430e+00 1.033812931166708360e+00 9.828295071360044766e-01 1.001198091729712969e+00 9.889724403600301805e-01 1.015201089197817153e+00 9.937984965763890788e-01 9.685392295792343287e-01 8.942265094117587410e-01 9.680258533788086428e-01 1.085909001783928574e+00 1.054321450670116178e+00 1.012768806059693105e+00 9.979641018467737545e-01 9.803297313776635491e-01 9.218998774157336484e-01 8.304186896979224297e-01 8.022510000495693960e-01 8.796923084326728759e-01 8.286004104123760872e-01 8.505992804558911713e-01 9.418495459084690324e-01 9.025665840242637072e-01 7.571856136486833089e-01 8.210401357028551672e-01 8.226547982147390803e-01 8.444049413832075413e-01 7.947414420030933790e-01 7.986140500833568412e-01 7.913875237444710775e-01 8.418240447153610972e-01 9.003810038936287397e-01 8.492628970842791558e-01 7.840642883449572276e-01 8.386472786505591026e-01 8.590011447329534144e-01 9.794706905027970034e-01 1.117981492146457700e+00 1.201898476308377317e+00 1.125305792369326818e+00 1.048691645256324634e+00 1.001312806891353491e+00 9.537196566790921981e-01 8.691532541791189281e-01 8.029800876452121150e-01 8.937627026222195736e-01 9.183575227902537330e-01 8.836582527972718371e-01 7.879337223471490903e-01 8.589297235659932861e-01 8.538495513325780051e-01 7.981447795332885509e-01 7.657535513938623639e-01 7.267390506739537237e-01 8.583258417189426615e-01 1.004438725838762370e+00 1.053524530307125229e+00 8.067806756969921889e-01 7.705727574559191329e-01 9.524156307059377102e-01 1.015186452563759945e+00 9.837680522904062030e-01 9.710407326392661576e-01 9.007800234134871742e-01 8.855416174754825454e-01 8.904224606395330088e-01 1.055934108992109266e+00 1.093892075780927620e+00 9.830851654041116161e-01 8.998764865044205363e-01 7.684168374968680659e-01 7.913453996020038961e-01 9.093000121186007867e-01
9.984079952556076387e-01 9.819836290618834118e-01 1.007411614585157711e+00 1.057150942007735406e+00 1.045359804884087085e+00 1.038564330884665488e+00 1.016112026556620362e+00 1.010059873827532151e+00 1.015389652713936108e+00 1.092743004912528404e+00 9.372268608566790560e-01 1.004395051975763620e+00 1.004555480523775302e+00 9.967050797783263416e-01 1.004316173784374211e+00 1.010873619129322165e+00 1.002769943407685105e+00 9.942942934971810143e-01 9.926372375731868924e-01 9.905673752911585694e-01 1.014628926325742864e+00 1.001112379831526678e+00 9.399582657014329268e-01 1.038803719260421587e+00 1.102751257392478035e+00 1.062026665988978102e+00 1.033693683876280467e+00 9.883551478937369072e-01 9.266060191947516067e-01 9.217242034261073913e-01 8.393764437547429624e-01 7.897228705246095437e-01 7.906566637518338547e-01 7.830487579868377068e-01 7.842959652474416066e-01 8.415891874815962792e-01 8.366779551187115693e-01 7.724043740249272316e-01 8.036420049189251236e-01 8.525235242431625782e-01 8.588666017953079379e-01 7.744943127597183619e-01 7.720604104035379001e-01 8.176171163311806156e-01 8.566582433665832497e-01 8.392097513671556985e-01 8.008977633231839643e-01 8.732204214398276987e-01 8.455388504355032531e-01 8.829860323067727501e-01 1.018329614862971244e+00 1.126615445577325625e+00 1.227801850361889269e+00 1.160735720650218683e+00 1.149702115761297438e+00 1.045065956896642057e+00 1.084286166499023984e+00 9.164972367657442387e-01 8.229132008670116960e-01 8.547951673090047331e-01 9.951480415950487712e-01 9.090111631846260476e-01 6.733905508906917747e-01 7.565999990949735521e-01 8.147591884804709084e-01 7.051058016002637041e-01 7.751125846236247563e-01 7.903912037627849330e-01 8.243582106470568327e-01 9.840561122286244355e-01 1.030579205610335780e+00 8.542574487765857150e-01 8.126050392148941315e-01 8.598654959925673413e-01 8.620902616619969816e-01 1.065292812532029787e+00 1.081041463802612013e+00 8.793757744598411641e-01 8.094258884760818784e-01 8.223412691298845889e-01 9.290864430040843835e-01 8.620485027130281308e-01 8.993056243842864061e-01 9.728091527403993632e-01 7.707594533180313068e-01 7.017477900086956932e-01 8.060277195088069169e-01
9.290841034370410645e-01 9.986983719806179494e-01 1.029607553472089432e+00 1.054399893529051280e+00 1.043291744800981524e+00 1.000356495586338879e+00 1.004471407764216728e+00 1.014503861987159805e+00 1.012688813242947239e+00 1.039454713250173024e+00 1.004395051975763620e+00 1.071074642300533064e+00 1.026619463821899725e+00 1.013837583192929159e+00 1.003175715553175751e+00 9.937428752104155993e-01 1.003751303501109415e+00 9.866948946334177517e-01 1.009648965723886960e+00 9.716311990548289756e-01 1.001508320530287266e+00 1.001839304349003479e+00 1.016741181024322982e+00 1.060653428306408186e+00 1.005367103827150332e+00 9.816427454446680079e-01 1.033438464978804650e+00 9.669287895333494864e-01 9.386445130016248806e-01 9.226180416052331967e-01 8.337047796829514246e-01 8.160579026433268934e-01 8.376920391757198825e-01 8.088448782817725391e-01 7.711496950853542476e-01 8.268439966301848187e-01 7.937856206220837985e-01 8.038354659906695732e-01 8.584172252506993006e-01 8.506702560236926169e-01 7.921527059783625146e-01 7.811829978930150409e-01 8.210675103371197769e-01 8.555281117441849714e-01 8.218757435529250310e-01 8.899989435517806635e-01 9.640103074104119374e-01 9.484405705368708084e-01 8.546551256663311724e-01 9.639370155079459712e-01 1.022653134686603238e+00 9.765871592042580929e-01 1.058340322846882620e+00 1.134515368386316503e+00 1.090676074095380477e+00 1.039412895941132176e+00 1.192008108898418017e+00 1.130858461381665681e+00 9.551039809315594598e-01 8.709012751092569671e-01 9.701966279702182172e-01 9.095918480217868307e-01 8.038973575582015751e-01 7.970725204968065469e-01 7.748700542521449464e-01 7.225175068602036621e-01 8.918405400352406032e-01 9.066939873306099074e-01 8.335354480787645626e-01 8.001375624285635979e-01 7.973418954824312843e-01 6.951579342530938010e-01 6.806139995595003045e-01 7.765453049924254669e-01 9.602972412194868967e-01 1.175271309057493552e+00 9.440628676928227714e-01 6.998095030956434925e-01 6.799581522725616223e-01 7.538466479949849086e-01 7.082018404653096511e-01 7.046605769086807802e-01 8.864695425696331732e-01 9.646343554024929823e-01 8.386948262291338274e-01 8.017758391786440342e-01 8.015773983828340388e-01
9.688829488773401666e-01 1.010725510585367193e+00 9.891331115125668871e-01 9.857673100369618302e-01 1.012389402407407157e+00 1.003112027532816253e+00 1.023786215747269912e+00 1.011106699230821082e+00 9.800254031917398079e-01 9.866257475451846171e-01 1.004555480523775302e+00 1.026619463821899725e+00 9.773771826060403400e-01 9.767030053806519119e-01 1.010524652347634778e+00 1.015336108797171066e+00 1.001353883284677559e+00 1.002549883537322994e+00 1.023335366758786558e+00 9.735592886260869827e-01 9.793107388368342825e-01 9.793671651012670898e-01 9.995476363474553594e-01 1.071125385499102967e+00 9.904861882689746100e-01 9.794548389411704692e-01 1.018671293687982260e+00 9.829800398308841114e-01 9.629023915019199187e-01 9.172206348492372152e-01 8.453861875253851910e-01 8.149508690045600412e-01 8.836168592922505338e-01 8.706604310504038047e-01 8.311054031653677399e-01 8.177551382876220298e-01 7.690880575655362206e-01 7.835912902730292062e-01 8.777614698702554952e-01 8.574535470598774189e-01 8.231175706253280877e-01 8.249238154840962123e-01 8.473561574400398921e-01 8.676947774952287196e-01 8.735254607160440887e-01 9.625836832667707954e-01 9.195978384340816048e-01 8.537799144497009163e-01 8.527821184581264591e-01 9.154367801006169092e-01 9.606526399147199413e-01 9.817596380075096496e-01 9.229449421052301483e-01 9.817132430894786044e-01 9.920617695220138588e-01 1.003808737590182298e+00 1.006817990485193048e+00 1.068476595194611134e+00 1.011242449582699043e+00 1.041603524070752851e+00 1.081267556922346440e+00 9.218920417989777683e-01 8.995920867305438051e-01 8.934767665085932009e-01 8.401746833004674064e-01 8.024858530063512241e-01 1.004195427238293359e+00 9.919292053851211932e-01 9.654580446753835421e-01 8.761752269972107321e-01 8.037488523828910658e-01 6.980359295405119680e-01 6.885291197509589844e-01 8.048967970526125226e-01 9.548594070916438525e-01 1.075521220372265718e+00 8.308336851501902931e-01 7.408298460945375030e-01 7.221691919867978537e-01 7.636076642131827130e-01 7.140182314244466477e-01 7.748859514168445761e-01 8.744691314446509933e-01 9.834052169165101720e-01 9.281834078628428131e-01 8.458170123430988063e-01 7.617558393345269518e-01
1.008422344688075789e+00 9.688042478376572841e-01 9.733553657153901639e-01 9.860871688362902177e-01 9.929355469501969234e-01 9.899568468369543961e-01 1.019777389849134686e+00 1.030632172133823188e+00 9.807905882512911733e-01 9.683680589119282311e-01 9.967050797783263416e-01 1.013837583192929159e+00 9.767030053806519119e-01 1.005448662007684790e+00 1.033323048068632177e+00 1.018038074666506310e+00 1.012319054535496754e+00 1.055339716676677142e+00 1.037799827224830551e+00 9.805870394992660666e-01 9.700860131165897071e-01 9.621036416919412915e-01 1.012547857687944974e+00 1.056016502467232998e+00 1.039624357778700103e+00 1.000362634831239106e+00 9.971320575518558549e-01 9.949372828772470312e-01 9.857798886487805223e-01 9.312769572952924735e-01 8.991442550622686936e-01 8.040096396071565454e-01 8.461242288306437542e-01 8.397693615318854166e-01 8.368589357151496877e-01 8.143915097367639966e-01 8.008837563672432935e-01 8.242648764067254108e-01 8.118314429562183410e-01 8.790037439206368486e-01 8.937909536913348774e-01 8.347044926721370883e-01 8.093078260956790837e-01 8.589543005109855356e-01 8.922805349225930716e-01 9.333683203275263685e-01 8.839156990964701643e-01 8.018105120830553156e-01 8.223299318154909665e-01 9.136921944327729417e-01 9.110689878271519548e-01 9.433791265143308680e-01 9.514662306100173383e-01 9.027634955976606701e-01 9.845575081727105937e-01 1.017354887060389013e+00 1.011926870847800641e+00 9.609051929090149935e-01 1.051991702344093671e+00 1.137040504566271260e+00 9.979916900817887848e-01 1.003662596079014202e+00 9.222545042766522316e-01 1.085509082426143967e+00 8.929496980101399028e-01 8.948631662486346006e-01 9.412548396065187895e-01 9.444899470126255636e-01 1.036276438587013793e+00 9.782545289432416080e-01 9.563984756263417264e-01 8.247742648206553007e-01 6.962585911005753081e-01 8.276248198504718712e-01 9.154221698347051461e-01 9.289374214648556949e-01 8.458640844367434353e-01 7.087878354858702101e-01 7.299433309673241110e-01 8.042877556322500787e-01 7.161519906856195217e-01 8.042546933445283708e-01 9.020979989645235841e-01 8.344610105507020981e-01 7.845366046106311275e-01 8.240681478822942108e-01 7.491742904703471151e-01
1.014470684283126145e+00 9.939018023134646995e-01 9.728994067821667979e-01 9.842715515708304608e-01 9.787552796502596575e-01 9.584378126987619373e-01 9.495626812817704598e-01 9.772387300787364062e-01 1.047903588131392061e+00 1.020273876217640430e+00 1.004316173784374211e+00 1.003175715553175751e+00 1.010524652347634778e+00 1.033323048068632177e+00 1.049187867240089611e+00 1.017129195504712147e+00 1.042544147285923595e+00 1.045226989444858257e+00 1.028853646161013602e+00 1.013600603060601069e+00 9.866541581269330230e-01 9.541740151826070271e-01 9.858761189032136940e-01 1.068779597277929483e+00 1.068844051023926989e+00 9.505141210374646876e-01 9.515708950311424497e-01 9.620748990409807577e-01 9.403821459988607190e-01 9.326669288535285318e-01 8.794112538890733743e-01 8.549946146856487461e-01 8.847694115641852042e-01 8.764368693349128270e-01 7.489054411049521631e-01 7.222818996603855846e-01 7.677758955540351371e-01 7.790669848505735740e-01 7.788398672209483342e-01 8.078025024685007160e-01 8.805290753726930930e-01 8.656008242979358336e-01 8.155924218610398624e-01 7.605137002769325472e-01 8.068414291197566479e-01 8.431541737210515031e-01 8.565769520137691551e-01 7.952260244139258694e-01 7.793713200020242482e-01 8.465131818928044449e-01 9.052724904582249987e-01 9.305893387212562651e-01 9.141081955337917453e-01 9.251598627013598586e-01 1.027195012125362794e+00 1.053208671747436487e+00 1.051019816163676124e+00 9.001797421169095426e-01 9.218036824925651684e-01 9.452579779263423632e-01 7.737046127224113112e-01 8.205104029430313473e-01 9.607195794074451234e-01 1.038898934487915371e+00 9.598421497652689371e-01 8.986478903091078552e-01 8.663636431620175271e-01 1.019844282899903920e+00 1.001900007596049802e+00 9.195774136628399598e-01 9.842385092472701880e-01 9.147169245457832387e-01 7.954629260205005048e-01 9.097242476340490214e-01 8.955703139099532306e-01 8.982011060580228357e-01 7.175611078161957535e-01 6.698096623721807585e-01 7.893070644219947196e-01 8.156490852280607884e-01 8.043236981350644355e-01 8.694784792521415007e-01 8.722595577991439919e-01 7.760498668275246370e-01 6.697571827225338170e-01 7.716935592589060366e-01 8.362303914415972761e-01
1.049052625622118429e+00 1.060286626883872207e+00 1.001262166273713783e+00 9.907750979365642641e-01 1.009024184255862489e+00 9.904036136271175961e-01 9.550240050829540417e-01 9.868290134645653078e-01 1.051230524874189554e+00 1.033812931166708360e+00 1.010873619129322165e+00 9.937428752104155993e-01 1.015336108797171066e+00 1.018038074666506310e+00 1.017129195504712147e+00 1.001706487854088001e+00 9.784673335634098690e-01 1.015040418379186571e+00 1.023143174334238514e+00 1.017629904548267294e+00 1.015215017328035874e+00 9.955078500107170658e-01 9.781329020502281812e-01 1.037863595525828631e+00 1.060470380319342487e+00 9.498165685720592055e-01 9.410843931265876483e-01 9.384320271817825354e-01 9.328220163480166471e-01 9.294715986569850319e-01 8.650507141745736872e-01 8.491016078366386832e-01 8.500396933878695549e-01 8.133200633056779649e-01 7.115448798245913586e-01 7.151676758903174891e-01 7.725609336066253663e-01 7.964457598196823529e-01 7.718782315580160480e-01 8.041639989507859410e-01 8.418381911868648704e-01 8.682625576274156654e-01 8.253201618084142765e-01 7.547966146197038206e-01 7.926508736954244183e-01 8.047037219372338290e-01 8.264655413567649767e-01 7.908346516173621055e-01 8.013664688308126394e-01 8.815159083932321282e-01 9.238611899271603756e-01 9.184473068009665342e-01 9.225572201896528046e-01 9.994852217577997466e-01 1.081171068441313388e+00 1.075469369556797838e+00 9.972644069898293218e-01 9.461684439365918298e-01 9.539397867937465803e-01 9.499157243181266530e-01 8.093539223956243145e-01 7.700384703855176483e-01 9.327374883650989545e-01 9.537820521837070409e-01 9.262426657664822871e-01 8.070495937296257027e-01 8.334941193641908219e-01 1.011936976007354216e+00 9.418198441293529344e-01 8.719096711465825766e-01 8.935393546343075588e-01 8.708599219544314041e-01 7.748203610957447030e-01 9.461949187682533458e-01 1.110490445161682826e+00 9.968810706881977568e-01 7.432279017222055417e-01 7.421371078009104671e-01 8.815142136597950984e-01 9.107397587153250873e-01 9.186431374130564764e-01 9.119727899028658991e-01 8.616501659614900221e-01 9.079994232214286809e-01 7.598285861647410266e-01 7.427142086385030151e-01 7.655565036761924347e-01
1.134060953705826158e+00 1.125895555237288237e+00 1.051874319930423463e+00 1.065649775125235843e+00 1.048066070021583140e+00 1.025839638161663681e+00 1.004006424668565378e+00 1.004714943881773737e+00 9.893505107590521153e-01 9.828295071360044766e-01 1.002769943407685105e+00 1.003751303501109415e+00 1.001353883284677559e+00 1.012319054535496754e+00 1.042544147285923595e+00 9.784673335634098690e-01 1.025963564502237579e+00 1.036531453170343564e+00 1.008091532873527818e+00 1.009637925824157678e+00 1.026724771511035694e+00 1.015536045263423670e+00 9.631579558279667053e-01 1.006093687023412953e+00 1.030621577321782389e+00 9.710725346838596783e-01 9.294272541469297266e-01 9.140069738433360680e-01 9.234782463057013002e-01 9.097134952780269179e-01 8.280129434968610536e-01 7.607831622666012539e-01 7.893421183572052469e-01 7.448761534494167114e-01 7.333691327270256410e-01 7.914319995740094482e-01 7.813085898265049734e-01 8.067580920642142273e-01 8.357024376969465207e-01 8.887263001610087310e-01 8.669871066193129971e-01 8.005741587832599926e-01 7.862498089094684950e-01 7.886907933948805738e-01 7.531991404027357229e-01 7.529678971515498809e-01 8.159931894114710316e-01 7.878892200100420240e-01 8.290670105152064817e-01 9.426119550276010894e-01 9.776435018677837041e-01 8.958119797985240051e-01 8.742093075058983143e-01 1.045891662863518423e+00 1.102418680921005256e+00 1.073949013949805353e+00 9.833111268714682662e-01 9.985107936744052060e-01 9.967879274629771746e-01 9.754556344335084672e-01 9.814141324776536335e-01 9.318930297351726288e-01 9.303870063378509858e-01 9.257304315933214678e-01 8.414819748849738934e-01 6.592367196814918895e-01 7.645106580475073965e-01 9.443875997601662853e-01 8.358994961297845361e-01 7.794880994793675910e-01 7.651197311209448904e-01 7.333480968958632218e-01 7.361013964102248730e-01 9.069628868294048463e-01 1.126252907443573203e+00 1.041856880529451468e+00 8.757822801070370700e-01 7.824795542623335098e-01 8.590237041890768088e-01 9.036602400828812609e-01 9.309545856850028889e-01 8.945948915686960934e-01 9.153107816848216061e-01 9.752536286243420616e-01 9.139921993016275614e-01 8.072864315952679171e-01 7.214908431232879282e-01
1.078675114214113107e+00 1.103499909603112394e+00 1.094317644408171697e+00 1.062528950124260074e+00 1.032539993675591461e+00 1.051605534193059244e+00 1.038502096503996608e+00 9.987413971094607490e-01 9.946220717827118918e-01 1.001198091729712969e+00 9.942942934971810143e-01 9.866948946334177517e-01 1.002549883537322994e+00 1.055339716676677142e+00 1.045226989444858257e+00 1.015040418379186571e+00 1.036531453170343564e+00 8.882223198154043375e-01 9.661866479075549297e-01 9.945035211411470399e-01 1.029186291191083180e+00 9.906030984023145303e-01 9.643390756017242715e-01 1.013724409489316969e+00 9.918507670675061894e-01 9.669838481356034521e-01 9.432372033156203317e-01 8.982119958522671865e-01 9.259967518755829463e-01 9.239223711110573500e-01 8.493086830180824887e-01 7.847133292557795237e-01 7.722217866405245434e-01 7.647393093693466426e-01 7.901812500443612386e-01 8.474481421151659477e-01 8.244821935502668619e-01 7.998407474276700846e-01 8.563121447146216925e-01 8.949511797458329365e-01 8.563613438256314492e-01 8.343318363546942118e-01 8.318229158921903732e-01 8.337745469869073389e-01 7.896129061680328132e-01 7.535016252271059534e-01 7.691849626781153138e-01 8.330165671641809322e-01 8.365611002682646902e-01 9.592856589560729841e-01 9.603187152091423595e-01 8.876572556372673839e-01 9.075151839181181401e-01 1.085463480800993530e+00 1.154953713320243214e+00 1.137394380751133527e+00 1.064403656944876708e+00 9.957926061567130560e-01 1.037097231357451799e+00 1.155663775627423506e+00 1.121222504012475696e+00 1.065541821046520843e+00 9.734668405211700515e-01 8.656778980837458448e-01 7.417958217735469706e-01 7.094899381644402814e-01 7.257218848249490373e-01 8.600880258589733707e-01 8.707729067183220817e-01 7.892268573501464157e-01 8.269252382248403199e-01 8.691336725556930709e-01 8.884012231055539166e-01 9.620232170832277996e-01 1.092361044983896745e+00 1.031131059579139420e+00 8.956044074249805975e-01 8.325464943971790932e-01 8.368602763808258294e-01 8.575618945521337189e-01 9.630757653316288636e-01 9.765140697060238351e-01 9.454028412982166119e-01 9.272293086842026133e-01 9.945018295469180147e-01 9.626931291785039146e-01 8.462082226137390695e-01
