1.021604850659421526e+00 9.894457567103861484e-01 9.618630056032809739e-01 9.775385303162805739e-01 9.959604491831435258e-01 1.004711232436759971e+00 9.538004308146503796e-01 9.594093939881309652e-01 9.708128519558122393e-01 9.689296349077778370e-01 9.342650310448427087e-01 9.737347110916938497e-01 9.207405699844204428e-01 8.931873710783473364e-01 9.660376472513308999e-01 9.568027454047431934e-01 9.326878293999836256e-01 1.018948571268019965e+00 9.917729477886165768e-01 1.018451218335088448e+00 9.930733441892775071e-01 9.646599740837393799e-01 9.460841586373878176e-01 9.198717344768518878e-01 9.943648323593010652e-01 9.448175844570890769e-01 9.128582684059470820e-01 9.964388994774501240e-01 9.861649801393217452e-01 9.423613400933148476e-01 8.577555851980293022e-01 8.889435674699386336e-01 1.056795764579475660e+00 9.045687215078256349e-01 8.858043870743250725e-01 9.426983169582456856e-01 9.370200577804834730e-01 1.104256487874374137e+00 1.036439479185349288e+00 9.459641094567443620e-01 8.466190720037386486e-01 7.644867809358195654e-01 9.512341889517718085e-01 9.433889547123868180e-01 9.689247766172353060e-01 9.332291119861833018e-01 9.916838175677317180e-01 1.070548012519832781e+00 1.054636676838324183e+00 9.494453225152706954e-01 8.230536071610797810e-01 9.691626546871460191e-01 9.695022572180774789e-01 9.252561864922795865e-01 1.088530223583818124e+00 9.443986255485369297e-01 1.103483182289814124e+00 9.783388752725703519e-01 9.461698729222642879e-01 1.085988838594049710e+00 1.141222687048633722e+00 1.097127196152910766e+00 1.156951013699906827e+00 1.034294708103808302e+00 1.010013556036898352e+00 1.189202079965680170e+00 1.135469531215480554e+00 1.152557006682506824e+00 9.365326589051005124e-01 8.337549168064557481e-01 8.301825662517653415e-01 8.538779340020703490e-01 7.354043451922728236e-01 8.976610606079274968e-01 9.388194528966442576e-01 8.243497991794938029e-01 7.903470361002938871e-01 7.941909069957040490e-01 9.910235980934057887e-01 1.118652992288002634e+00 1.274255027588892863e+00 1.140872602796445312e+00 9.590406982126757907e-01 9.741362966513171795e-01 1.091356060367887570e+00 9.936529999391715551e-01 9.270343059428729493e-01
9.894457567103861484e-01 1.077777026023958529e+00 1.001699005497188821e+00 1.011702575857355901e+00 1.001436240465558125e+00 9.824542202418115044e-01 9.753923208336165995e-01 9.660877524847087949e-01 9.616496425758193078e-01 9.780150706634954672e-01 9.345171997914423212e-01 9.629708867711124221e-01 9.484338607827446088e-01 9.183257054061200186e-01 9.623661348781022973e-01 9.625194699634950224e-01 9.738598761596455322e-01 1.057269839161465885e+00 1.096664381085248774e+00 1.019735051325260100e+00 9.722859894711692874e-01 9.952211955681323774e-01 1.044784995649421511e+00 1.007926144333230134e+00 9.795133614758735341e-01 9.213361409402742730e-01 8.922541034623920897e-01 9.033621560503948267e-01 9.724294731841933714e-01 1.028088260247686625e+00 1.042514340462975531e+00 9.239052638260708550e-01 9.514868114137287058e-01 9.584794255370209237e-01 1.046797877899179330e+00 1.083879411351418298e+00 1.001125545376247761e+00 9.816965063934882663e-01 1.020253918416843320e+00 1.034618551502483275e+00 9.689737761227713575e-01 9.306129259924603714e-01 1.110101581565358320e+00 1.021678569538569947e+00 1.029056091341522317e+00 1.008637540161438695e+00 9.179300384807926871e-01 9.678805518069445446e-01 9.922206218516410603e-01 8.436786224558927572e-01 8.284687743711014463e-01 8.968683215987265367e-01 9.788806986764111429e-01 1.228657266349094002e+00 1.113489771949743856e+00 9.667088188777175350e-01 1.044537796916697125e+00 8.958012574154048391e-01 9.548382557062714548e-01 1.096370853300863146e+00 1.060778771840192203e+00 1.032141506714723045e+00 9.768305763581475176e-01 9.883741456153343208e-01 1.076294133633958872e+00 1.131100253807661771e+00 1.187854500266426250e+00 1.242467927982193077e+00 1.014996266438074946e+00 1.008422329100987280e+00 9.673598424393405892e-01 9.752700808135164046e-01 9.602964560299221963e-01 8.559710084346386916e-01 9.738709855535239157e-01 9.822885269607062320e-01 9.697881737275505509e-01 8.398294912998570672e-01 1.075780391771268496e+00 1.035446703102721466e+00 9.448785074702930054e-01 1.020881722211295584e+00 1.247211680996870964e+00 1.181947599979586538e+00 1.063951888066699381e+00 8.159534310393371515e-01 8.211206890322844121e-01
9.618630056032809739e-01 1.001699005497188821e+00 1.001565798921634887e+00 1.023123005555120368e+00 1.000508712225290697e+00 9.999806948797838047e-01 9.967834062226065273e-01 9.626675006845050175e-01 9.721590564166981974e-01 9.691740588348556340e-01 9.746900999453306236e-01 9.782015516158134583e-01 9.455081049984548347e-01 9.173029699881544152e-01 9.534485610484514373e-01 9.626342809809437240e-01 9.926778570321278528e-01 1.054188508928446621e+00 1.086345879040352180e+00 1.058483321792995868e+00 1.004049320574956994e+00 9.988089753530530190e-01 1.028669510343878324e+00 1.002285952686849280e+00 9.845913230461843524e-01 9.502125548374077413e-01 8.982786757378324882e-01 9.078663529259284326e-01 1.002641036683388887e+00 1.035082731344205254e+00 1.020390459208586842e+00 9.573048777985844193e-01 9.092847451582682927e-01 9.248636626946762362e-01 1.022168582336930642e+00 1.062582962588219937e+00 1.050114677076948499e+00 9.981791022702125593e-01 9.944797946458064919e-01 9.939441811394201798e-01 9.190446833815484329e-01 1.001711643734511270e+00 1.080471434060521485e+00 1.153886644850138365e+00 1.101198280065057711e+00 1.052993364824426070e+00 9.255062854349163093e-01 8.700580006825137103e-01 7.965866693077758853e-01 7.658687918030607777e-01 8.488418824945477281e-01 9.314534182484253133e-01 9.948174782367318336e-01 1.035261667179960821e+00 1.005480363796994459e+00 1.074268360841180714e+00 9.506387438442439608e-01 8.798762674037658993e-01 9.525417481307553169e-01 1.095056443694436332e+00 1.052048211259943411e+00 9.421374236622155340e-01 9.268256174051489049e-01 9.805360180444471219e-01 1.135319063215795232e+00 1.122044578981691076e+00 1.204228338361520434e+00 1.300470476238489770e+00 1.068783393906878487e+00 1.082833603515657828e+00 1.101074024927907402e+00 1.123816492266677125e+00 1.048196157907383963e+00 8.111481275922496348e-01 8.631179208188604068e-01 9.358089387010798399e-01 8.604359449527231307e-01 8.304324625673500382e-01 8.681723664068075053e-01 9.155379609979776845e-01 8.119012643995480172e-01 8.394666940368277208e-01 1.199577237314418010e+00 1.386686063403133717e+00 1.046773397426911556e+00 9.195346861175048847e-01 9.876178990453730044e-01
9.775385303162805739e-01 1.011702575857355901e+00 1.023123005555120368e+00 1.013157221392023022e+00 1.012163620572835487e+00 1.017429628516987705e+00 9.751763240715003445e-01 9.575390017171410140e-01 9.835722400385370490e-01 9.873379688337159399e-01 9.984288327766994708e-01 1.050570416293454823e+00 9.871600905074690013e-01 9.270214452881696543e-01 9.464132592646808950e-01 9.522478133969337621e-01 9.526698734142773350e-01 9.711592824303808547e-01 1.000022525801491202e+00 1.021390139896417582e+00 1.009959464924283790e+00 9.779404051350608640e-01 9.829341442395305162e-01 9.710681222914058219e-01 9.005201133704489047e-01 8.542071785350926483e-01 8.980390698382491044e-01 9.309429505179148689e-01 9.858383395761904922e-01 9.525045270260058539e-01 8.684622352324544714e-01 8.603796850156235632e-01 8.755670372761413800e-01 8.828902589960003766e-01 9.549761323156353843e-01 1.045678574146473805e+00 1.081603845173862988e+00 1.080807924318635260e+00 1.055699116632331069e+00 1.010077495529009717e+00 8.667493245760068410e-01 1.005789522903268507e+00 1.074704967280385448e+00 1.031924544302728730e+00 9.899572225540327342e-01 9.446953647498276263e-01 8.068030157400049029e-01 7.627713288453711327e-01 6.832723509222164981e-01 7.644897795526618411e-01 9.206872220988514544e-01 9.819465208050401905e-01 9.463671119807812726e-01 8.991491341551407501e-01 8.420465379804626949e-01 9.829420702099983531e-01 9.315764833220535612e-01 9.309777209677874144e-01 9.273130391968390507e-01 1.015138195556820389e+00 1.161581864678121745e+00 1.062905831315010596e+00 1.013818517339528436e+00 9.543427066879176524e-01 9.134548262357398141e-01 9.442550521490048476e-01 1.122077844468049923e+00 1.344340057302357838e+00 1.032480215356823106e+00 1.043852129636251513e+00 1.031168369668420404e+00 1.068576293682468981e+00 1.046569823152196044e+00 9.236937932784187177e-01 8.325242540384723000e-01 9.263500916334829194e-01 9.017530211784524630e-01 8.233783927991371598e-01 7.225915217945325653e-01 7.596066175000982801e-01 7.620710201532049366e-01 7.437118823341692941e-01 1.055994675016674877e+00 1.117760322319512056e+00 9.589280541717826178e-01 8.868197651689736505e-01 1.013020780470882176e+00
9.959604491831435258e-01 1.001436240465558125e+00 1.000508712225290697e+00 1.012163620572835487e+00 1.054756723803423668e+00 9.779055563267897710e-01 9.771559426138004545e-01 9.725824842896756417e-01 9.989114128689973171e-01 1.005367288277692506e+00 1.000152264064093854e+00 1.041135422373446806e+00 1.017644079498654097e+00 9.790777957937141229e-01 9.541201783370223399e-01 9.580204338209634685e-01 9.705612131035293855e-01 9.884044775536405814e-01 9.575969034259894652e-01 9.960884496255549836e-01 1.027201996045913335e+00 9.993871144803112561e-01 9.934934300630098303e-01 9.647263504341558882e-01 9.489252086333066494e-01 8.863750476560888769e-01 9.491045088922205331e-01 9.730925213181691458e-01 9.557578794695084090e-01 9.159359736830772203e-01 8.762420733024602892e-01 8.499994350033142076e-01 8.854671148969310845e-01 8.608924054000349768e-01 9.316919310981423008e-01 9.283396674056254572e-01 9.604509551844392368e-01 9.860772473875857314e-01 1.018454694323918996e+00 9.620325525027908498e-01 8.776929062469460696e-01 9.675608020610715343e-01 1.009199821843884903e+00 9.743638477915975704e-01 9.876629058259374094e-01 8.632498414260170172e-01 8.170379224532344775e-01 7.206147576956751788e-01 7.438503896076196220e-01 8.257185860048463777e-01 9.379801589371384862e-01 1.011551740805745947e+00 9.612222033415105393e-01 8.090626218366701039e-01 7.871699375499220386e-01 9.982661261647985951e-01 9.547105226056264993e-01 8.429467910084741389e-01 8.286704583448353256e-01 9.580505464118131975e-01 1.080072190212276073e+00 9.966738269878426815e-01 9.855627897319021447e-01 9.097545344326725125e-01 9.272959377025452588e-01 1.059762828670508750e+00 9.951953981784804615e-01 1.113160996940077752e+00 8.979144165404082667e-01 8.466776410450886914e-01 7.777472437550173590e-01 8.430267111223801457e-01 9.352574527286383610e-01 8.995381954385640588e-01 9.183370101621787240e-01 1.026378788005240850e+00 1.054131878734608341e+00 9.508296352846715704e-01 9.436647750968866211e-01 8.019118507506536320e-01 8.320077861686441256e-01 9.071552580488205786e-01 1.017363186740911196e+00 1.105568688417113643e+00 8.045098939032536700e-01 7.566459134696956745e-01 8.171804064031780168e-01
1.004711232436759971e+00 9.824542202418115044e-01 9.999806948797838047e-01 1.017429628516987705e+00 9.779055563267897710e-01 1.014485124022362683e+00 9.881060355274765561e-01 9.699546858047868314e-01 9.920399153980976603e-01 9.926458625591061402e-01 1.000944437907408169e+00 1.011995956485691517e+00 1.004936786793814152e+00 9.935947483460860763e-01 9.580945759110836013e-01 9.692725089431956098e-01 9.986232020778360585e-01 9.836448814348910386e-01 9.910141052405631035e-01 1.023089521218699671e+00 1.025567840964220379e+00 1.044513016197350819e+00 1.032116623700433111e+00 9.673184859999556240e-01 9.048759144104538965e-01 9.178366854804899111e-01 9.936853700890904140e-01 1.069259769183635855e+00 1.044624226199363237e+00 9.246273273265041004e-01 8.675457289024415264e-01 8.899593344725362787e-01 9.174144582199063036e-01 9.070152625174727756e-01 8.951294806699214845e-01 9.092672331380237116e-01 9.041217037987545613e-01 8.899665956288715929e-01 9.123327807002264977e-01 8.975833629456083651e-01 8.698354315505171241e-01 9.286005670760721920e-01 9.484605561122689821e-01 8.751220530142149734e-01 9.248118327764797142e-01 9.085923484133915373e-01 9.340198137024103842e-01 8.761207070539326347e-01 8.280841951736924722e-01 8.016260383093116726e-01 8.421393604826283852e-01 1.006879070124735209e+00 1.045117581971981791e+00 8.852277898257798761e-01 8.533939956728798792e-01 8.898191129142370981e-01 9.281887025766255572e-01 7.749793720385600437e-01 8.952222593628121894e-01 1.166553114059354357e+00 1.165562275403173365e+00 1.120705138511102428e+00 1.057919966157545799e+00 1.049400263423206914e+00 1.060460460317186104e+00 1.134962657009097153e+00 9.853350196129058158e-01 1.064490943863474204e+00 8.620530462177644626e-01 8.297396785973131239e-01 7.258461476869199069e-01 7.710538149143364439e-01 8.407472505749252756e-01 8.015178933958250207e-01 9.695731268728742247e-01 1.042463128738000622e+00 9.049424984897375124e-01 9.777282445421359158e-01 9.590273911688996789e-01 8.077734410547185995e-01 1.058318964891496794e+00 1.333031240351105984e+00 1.266571681158327189e+00 1.151706404791151606e+00 8.945619262557900075e-01 8.319064782263377866e-01 8.252334030637145101e-01
9.538004308146503796e-01 9.753923208336165995e-01 9.967834062226065273e-01 9.751763240715003445e-01 9.771559426138004545e-01 9.881060355274765561e-01 1.035949739020753269e+00 9.833753383198590159e-01 9.891473238561783177e-01 9.925319621389919744e-01 1.011782907006011811e+00 1.027248663433861786e+00 1.026965296191300725e+00 1.027440432041250684e+00 9.416856337732729676e-01 9.530248881855164500e-01 1.001381987694329290e+00 9.770858092566856445e-01 9.923936672142525950e-01 1.016193889480347501e+00 1.033642088777274370e+00 1.041642705310794614e+00 1.003129741544399600e+00 9.789893216782249441e-01 9.452839864212045917e-01 9.875316835209142496e-01 1.039168284568328549e+00 1.034646139109990370e+00 9.926112247838885239e-01 9.185106374509952598e-01 9.151109101632559639e-01 9.338435389436832157e-01 9.100373590074511965e-01 9.142581641494788025e-01 9.207950626602233735e-01 9.180093906700099726e-01 9.321016681622603661e-01 9.777444860563334617e-01 9.880169854053015843e-01 9.891877935697990232e-01 1.021292660746347059e+00 9.503735557824147806e-01 9.197147425575584734e-01 8.402903063354018043e-01 9.094343549841065188e-01 8.875459554027145259e-01 8.444049521149905591e-01 8.402939879149906588e-01 8.100425878877967056e-01 8.398375567462315061e-01 8.135117377678542372e-01 9.656830641477255339e-01 1.037329373830442991e+00 9.142740718731572347e-01 7.782996651158397006e-01 7.573147793857060162e-01 7.376715049074998864e-01 7.326447990321671710e-01 9.340400534284338807e-01 1.225293863937348737e+00 1.082776848172404716e+00 1.063904840422756237e+00 1.133317412419286851e+00 1.173592430314642998e+00 1.186133247922679379e+00 1.158787872257529106e+00 9.917150541203439973e-01 9.642016910150948972e-01 9.118918805001022809e-01 8.216539388219866735e-01 7.965834542127895324e-01 8.053085102625255898e-01 8.797582787754123501e-01 8.065207623668854131e-01 8.639077978626775733e-01 7.896513531714924872e-01 7.587013733990334297e-01 8.765623097538439712e-01 9.324257581783382820e-01 1.069515098452550106e+00 1.128390630922867510e+00 1.244943608121172662e+00 1.326565920749330552e+00 1.272838380546001069e+00 1.065700040119763825e+00 1.007885381320944962e+00 9.794856467643859865e-01
9.594093939881309652e-01 9.660877524847087949e-01 9.626675006845050175e-01 9.575390017171410140e-01 9.725824842896756417e-01 9.699546858047868314e-01 9.833753383198590159e-01 1.001766715481666070e+00 1.021738037747440098e+00 9.998916323433079123e-01 9.990153980833832437e-01 1.016792169940770041e+00 1.011025044242954252e+00 1.018698650282259921e+00 9.729050964294426729e-01 9.807348470511041416e-01 1.014141368246167518e+00 9.994573845357415109e-01 1.019946765886152296e+00 1.045432837383423186e+00 1.003933049542106160e+00 9.929449990056880004e-01 9.714454853677623181e-01 1.001796141543507046e+00 1.006328251291354947e+00 9.917750711129711405e-01 1.036675446264333278e+00 9.948163932782875252e-01 9.607373070971565454e-01 9.351915755674555797e-01 9.219683820171223898e-01 9.812625704938460203e-01 9.014286431235645214e-01 8.252424900795453100e-01 9.242796931844375896e-01 1.016996961233606944e+00 1.066835914908937699e+00 1.040037165298874022e+00 1.003813083449726973e+00 9.629242080877786769e-01 9.905435851438969541e-01 1.045572026126215137e+00 9.863037815343168591e-01 9.460619267019844125e-01 9.146227634416835839e-01 7.958842143019284610e-01 8.188861290908499013e-01 8.522958126614492702e-01 8.364787145088805609e-01 7.933570482815510694e-01 8.758956504895281103e-01 8.908881032829321089e-01 9.297863883663861628e-01 9.436571925955026252e-01 8.437185872509277429e-01 8.069228606964532480e-01 8.909550180306199385e-01 1.017813557347794884e+00 1.138207281196008447e+00 1.226977766498343447e+00 1.140261796082359336e+00 1.058142450872756157e+00 1.165424970661936399e+00 1.078085124576560139e+00 1.078924374813167386e+00 1.011366536657991144e+00 9.714908506602217830e-01 1.155723577531475366e+00 1.048227455926121321e+00 8.946285022750712912e-01 9.001370234042705976e-01 8.747573959756946849e-01 8.350747429399960620e-01 8.094258991293498129e-01 8.706598829216479762e-01 8.201194801867035533e-01 7.662977924273145502e-01 7.834353258708928180e-01 9.909349003765746122e-01 1.002314917540205297e+00 1.087410660849578159e+00 1.259815084820425035e+00 1.316697494251563683e+00 1.254694279611265673e+00 1.054709529232374710e+00 9.922156319177753980e-01 8.398151040941456147e-01
9.708128519558122393e-01 9.616496425758193078e-01 9.721590564166981974e-01 9.835722400385370490e-01 9.989114128689973171e-01 9.920399153980976603e-01 9.891473238561783177e-01 1.021738037747440098e+00 1.067267950601654469e+00 1.019354970357017720e+00 9.849824498883154034e-01 9.836481486863610790e-01 1.019969143210538887e+00 1.027239280741220284e+00 1.011126045667063433e+00 1.008813743921698203e+00 9.910998567163031847e-01 1.011881096821564130e+00 1.069827317532277222e+00 1.094701563706058201e+00 1.031398889144114817e+00 1.029050678163217158e+00 1.030054342761922870e+00 9.841991991087761793e-01 9.624172741677639031e-01 9.590925795890574701e-01 1.004992746218088762e+00 9.974975224162236920e-01 1.013655973313237313e+00 1.005756877588770859e+00 8.916934625261414560e-01 9.249138857214571630e-01 9.328209952192569876e-01 8.747004744652778774e-01 8.996517474784669899e-01 9.977085887971753886e-01 1.070653564746730124e+00 1.098799157734214882e+00 9.966306544338349171e-01 9.330109605965458686e-01 9.419666820501784166e-01 9.860178023133334690e-01 9.568785477217098823e-01 9.191353170015855722e-01 8.019333870689634436e-01 7.432645289693265989e-01 8.160020556204720110e-01 8.492731635850639949e-01 8.616240715684050366e-01 8.530838066945226617e-01 8.648655349119974689e-01 8.613030026574706177e-01 8.951351822374481459e-01 8.927692071090193027e-01 8.519243150702342504e-01 8.426516262657463008e-01 1.037231932231405862e+00 1.014603653969576413e+00 1.090658764281259741e+00 1.186844382760583905e+00 1.121767674155771610e+00 1.053745309035642119e+00 1.041585672193327206e+00 1.128243326694176263e+00 1.060225417911015100e+00 9.456736958923031011e-01 9.492590795152540117e-01 1.132608372008834019e+00 1.082309221925449316e+00 9.928946400288914953e-01 1.026855228884794746e+00 9.724172377449459281e-01 9.393838951641876323e-01 8.734283255396159129e-01 9.275166946598076834e-01 9.079586451383493406e-01 8.146229616677499452e-01 7.515319707925739445e-01 8.439687518151016699e-01 8.415810460029909956e-01 9.318988797874753205e-01 1.158882683713724049e+00 1.223494468356409293e+00 1.095877112434970657e+00 9.933205660214350363e-01 8.719315239104120652e-01 7.302787457702556440e-01
9.689296349077778370e-01 9.780150706634954672e-01 9.691740588348556340e-01 9.873379688337159399e-01 1.005367288277692506e+00 9.926458625591061402e-01 9.925319621389919744e-01 9.998916323433079123e-01 1.019354970357017720e+00 1.044573408036081785e+00 9.999534325479549901e-01 9.608742821786064869e-01 1.014932705903279331e+00 1.015002512816591818e+00 9.775546626176090381e-01 9.813623105672102387e-01 9.715778397315082415e-01 1.021843370827686170e+00 1.060975007366788736e+00 1.086493112104319092e+00 1.045687128138832689e+00 1.040540762619176940e+00 1.017330093891423148e+00 9.152767271447711517e-01 9.435373972185250313e-01 9.590795451757387902e-01 1.002311805929818611e+00 1.020290856873161012e+00 1.056686612411407600e+00 1.054229049088448056e+00 9.851454361360018064e-01 9.270812977222562257e-01 9.507619803327418406e-01 9.566313432537878469e-01 9.150881020857477566e-01 1.022625129939924715e+00 1.036863200644233096e+00 1.075508324954856709e+00 1.036943404001084756e+00 9.493387094048933994e-01 8.713733304100045318e-01 8.252588629715311708e-01 8.017356232139621897e-01 7.765653066036247720e-01 7.591705601598478514e-01 8.154602962490901108e-01 8.447472984599709855e-01 9.738301375115876457e-01 9.601791903026065667e-01 9.116471387169335916e-01 9.173756432209244638e-01 8.473984723502907546e-01 8.850968822968698912e-01 8.947053720951781974e-01 7.806745185158258105e-01 7.426939949777870975e-01 8.707830019089188855e-01 9.188511223443520670e-01 9.718102023212715768e-01 1.071174354965383824e+00 9.923047250094519933e-01 1.006110928083373324e+00 1.079831981138712482e+00 1.111210650085798113e+00 1.064755066356362967e+00 1.064518358063449188e+00 1.084917394741838903e+00 1.137016182443805201e+00 1.199190141500162898e+00 1.041482297805455870e+00 1.064592954381895940e+00 1.024109071293453521e+00 9.648344358904445972e-01 8.628269227750866577e-01 1.015254417583768332e+00 8.796344986678890088e-01 8.734534663378531461e-01 8.988737021532549054e-01 9.830708028451577984e-01 9.761331598894642525e-01 1.061099963303087979e+00 1.321449888531519345e+00 1.333820512560740523e+00 1.052752936328872124e+00 9.003146124879198853e-01 8.217114074933621337e-01 6.233398250450431499e-01
9.342650310448427087e-01 9.345171997914423212e-01 9.746900999453306236e-01 9.984288327766994708e-01 1.000152264064093854e+00 1.000944437907408169e+00 1.011782907006011811e+00 9.990153980833832437e-01 9.849824498883154034e-01 9.999534325479549901e-01 1.092490930010213024e+00 9.902446765269894424e-01 1.007494744285430732e+00 1.016461063982063040e+00 9.941300789670458604e-01 9.947654567191407393e-01 1.000957936243550117e+00 1.010565039220318928e+00 9.927563035399621372e-01 1.037446274215390041e+00 1.051147167065151100e+00 1.040801220422318485e+00 9.643246520648178777e-01 9.047770314199276021e-01 9.825546533206167554e-01 9.521671731595292565e-01 9.417786996493662244e-01 9.738462757208198317e-01 1.021293958204773089e+00 1.026963959553136574e+00 9.991232576907337348e-01 9.706958880949514423e-01 9.034096612334820975e-01 9.144885615310398563e-01 9.652405538658082040e-01 9.943729141438741870e-01 9.863237933613888675e-01 1.039625547297672092e+00 1.040792456306859792e+00 9.882124579699405054e-01 8.939679581056189095e-01 8.654392019285965798e-01 8.252214519511037460e-01 7.852146298642052047e-01 8.432770880345814568e-01 8.747443828830313572e-01 8.783824590254769582e-01 1.071357279327613155e+00 1.032849119098612878e+00 8.864894483208138887e-01 8.556739906866492884e-01 8.181080855794123918e-01 7.953819757824629466e-01 8.618757636837655056e-01 8.326345778862372926e-01 7.957119682598219335e-01 8.473052961262843574e-01 8.956513481125664144e-01 8.918272566314984218e-01 9.744256506397525053e-01 9.749156570122687882e-01 8.886598064850301792e-01 1.069388850281297154e+00 9.889294836344075801e-01 9.719644498309090164e-01 1.048952558038383831e+00 1.178480817442114859e+00 1.094744016940053077e+00 1.049421778992143839e+00 1.016122847256806017e+00 1.117102691649877189e+00 9.428934877335251041e-01 7.498901424742425714e-01 8.174461597397466583e-01 9.352774000272238153e-01 8.854527229444771885e-01 9.184728446844478977e-01 9.999918716629584425e-01 1.134581347923315331e+00 1.056565732957764459e+00 1.009428717817966170e+00 1.175233230193960976e+00 1.240334651361170160e+00 9.740566594829771496e-01 9.268538964313213224e-01 9.180769869644008763e-01 7.441424324397318824e-01
9.737347110916938497e-01 9.629708867711124221e-01 9.782015516158134583e-01 1.050570416293454823e+00 1.041135422373446806e+00 1.011995956485691517e+00 1.027248663433861786e+00 1.016792169940770041e+00 9.836481486863610790e-01 9.608742821786064869e-01 9.902446765269894424e-01 1.002179150346560688e+00 1.003503416197902620e+00 9.863473683179827534e-01 1.008484245649023281e+00 1.007438460220190457e+00 9.946654708056992256e-01 9.798999429816553919e-01 9.684809946895016619e-01 9.946443431151332781e-01 9.934248561829184254e-01 9.798291154366306488e-01 9.876862223139074581e-01 9.523164527517253841e-01 9.384979796781486305e-01 9.134069442764843894e-01 9.446644757954730798e-01 9.397115269531863824e-01 9.643010335391433152e-01 9.895886230854171739e-01 9.821284420269391635e-01 9.604966471455801402e-01 9.322627437898911573e-01 9.908865979608859620e-01 9.644910421266206235e-01 1.028372025475120743e+00 1.062618682807642045e+00 9.920555353616548055e-01 9.646508606996819779e-01 9.580098633025023735e-01 8.804417171170878520e-01 8.362823770031219128e-01 8.355782104269012800e-01 8.082146796276269418e-01 9.008906695791240038e-01 8.654309876608996532e-01 9.550357513984005786e-01 1.093690310907231789e+00 1.044739722843587737e+00 8.884063409905578190e-01 7.957079165017101330e-01 7.955944814421805900e-01 7.984149420161835708e-01 8.506782494823563745e-01 8.595934155071338623e-01 8.640177713619187072e-01 9.323627033521836305e-01 8.517053575799213849e-01 7.479221092905848911e-01 8.014676919505275832e-01 9.391896731529953968e-01 8.731115317865080216e-01 1.079738068742783108e+00 9.467858356068862280e-01 9.445316102723911866e-01 1.094639323568954437e+00 1.158595033879415537e+00 1.106700029287520870e+00 1.051069153210819174e+00 1.048276041506051026e+00 9.629809357553752447e-01 8.052152725367001107e-01 7.159990713083607128e-01 7.733352783970189881e-01 8.280933206015550496e-01 9.525207832153885779e-01 1.013854001384865811e+00 9.489728373571445497e-01 1.056984893686480520e+00 9.989182160742663408e-01 9.300323500320071268e-01 1.050155731661133185e+00 1.096311080752329969e+00 9.879853985762334645e-01 9.874759362137451868e-01 9.427370108384431902e-01 6.906065815355043602e-01
9.207405699844204428e-01 9.484338607827446088e-01 9.455081049984548347e-01 9.871600905074690013e-01 1.017644079498654097e+00 1.004936786793814152e+00 1.026965296191300725e+00 1.011025044242954252e+00 1.019969143210538887e+00 1.014932705903279331e+00 1.007494744285430732e+00 1.003503416197902620e+00 1.000392587718819337e+00 9.531893461498439635e-01 9.887031320187791295e-01 9.875456902653038105e-01 9.880023816703253914e-01 9.753984409401498246e-01 9.711464619796364994e-01 9.684138946590531427e-01 9.804965053119387708e-01 9.682387446281116583e-01 9.805992365734312877e-01 9.386202489981871899e-01 9.362796864047636669e-01 9.172496474993224735e-01 9.314937862742250774e-01 9.044434023145766499e-01 9.215225960201690603e-01 9.350559107248399560e-01 9.701918718639528372e-01 9.719283447826631006e-01 9.630436071457385561e-01 1.007619185308678889e+00 9.289992331187419961e-01 9.635407320677440435e-01 9.849104342407098978e-01 9.148584604430507472e-01 9.752465143147325266e-01 9.689948179078714530e-01 8.947907355092883375e-01 8.783624097609665782e-01 9.114299873350043546e-01 8.146047734235519755e-01 8.668264602760830106e-01 8.922223912244441335e-01 9.149706055396423787e-01 1.060790711148867027e+00 1.023520570883160730e+00 9.149269299952609291e-01 8.021953902944658488e-01 7.411674485952022273e-01 8.354629967168732962e-01 8.346366505084337195e-01 7.696303211193310512e-01 7.816152121189101631e-01 9.007519466583915335e-01 8.772265271851198420e-01 7.451677594420439421e-01 7.272901133597642342e-01 8.321707371169276835e-01 7.880009146618136562e-01 8.046679107068367420e-01 8.217083663018921458e-01 9.273130126686209840e-01 1.130064730145803775e+00 1.042624510468518784e+00 9.726648652491786118e-01 9.871994277829450049e-01 9.444485593688893843e-01 8.542247162066670674e-01 7.786928993105576291e-01 7.294265713017817898e-01 7.452346076649625228e-01 7.801576790506294934e-01 9.597067695108977281e-01 9.941650403127179070e-01 1.075973435125661570e+00 1.098578118535329384e+00 1.077358138965989420e+00 9.260235507420878642e-01 9.690850770927709190e-01 1.041886166071534170e+00 1.085895131953650727e+00 1.059549159911304717e+00 9.908434871301690094e-01 8.855069637574030095e-01
8.931873710783473364e-01 9.183257054061200186e-01 9.173029699881544152e-01 9.270214452881696543e-01 9.790777957937141229e-01 9.935947483460860763e-01 1.027440432041250684e+00 1.018698650282259921e+00 1.027239280741220284e+00 1.015002512816591818e+00 1.016461063982063040e+00 9.863473683179827534e-01 9.531893461498439635e-01 9.784704056547857132e-01 9.606330718781236344e-01 9.786961565039262734e-01 9.905321014573202909e-01 1.008548251967246623e+00 1.002708666377811975e+00 9.757566545168776528e-01 9.758108203350286391e-01 9.926601661613785321e-01 1.003811921719302891e+00 9.942577620688836104e-01 9.964444741117456372e-01 9.620190351953639141e-01 8.931687913464029238e-01 8.907911543453376213e-01 9.375599929162393709e-01 9.552164924372016364e-01 9.346571946108893636e-01 9.644970118976975426e-01 9.921896887169092683e-01 9.728247200818336271e-01 9.223196305313435817e-01 8.784954656792771654e-01 8.693838122296483339e-01 9.029879381938549221e-01 9.819423568423555349e-01 9.875377826736769782e-01 9.212988103531295492e-01 8.267703082773059098e-01 8.530320240272313281e-01 8.813719388983973779e-01 8.273607605160754330e-01 8.691655481322317911e-01 8.624906950048762955e-01 9.822600194190584943e-01 1.002770706815614421e+00 1.012702416988062959e+00 9.398339902330159479e-01 8.037386757563717010e-01 8.412850215761010775e-01 9.343864958530680997e-01 9.157794113102023514e-01 8.211360992989626961e-01 8.426865800108055415e-01 9.754834168276718120e-01 9.376521095057405164e-01 8.065635409584497317e-01 8.410995614938366893e-01 8.239239409380846313e-01 7.958900233435477478e-01 7.082197249752386625e-01 9.165052093910358577e-01 1.061060951286663778e+00 9.164554374628408606e-01 8.499990077417459711e-01 9.172798839641260749e-01 1.025013037480687172e+00 9.676120821821516671e-01 8.249001145329479812e-01 9.483102660831927988e-01 9.897020991254047440e-01 8.016598220495722016e-01 8.067259128001805779e-01 9.440932190419818459e-01 1.003033877860045164e+00 9.932736886099129414e-01 8.873537900114725208e-01 8.520548808553477516e-01 9.385350863613470818e-01 1.031867119420816881e+00 9.810098836913703213e-01 9.827183902264823301e-01 1.084498214406174332e+00 1.326469912824984831e+00
9.660376472513308999e-01 9.623661348781022973e-01 9.534485610484514373e-01 9.464132592646808950e-01 9.541201783370223399e-01 9.580945759110836013e-01 9.416856337732729676e-01 9.729050964294426729e-01 1.011126045667063433e+00 9.775546626176090381e-01 9.941300789670458604e-01 1.008484245649023281e+00 9.887031320187791295e-01 9.606330718781236344e-01 9.341925778302970773e-01 9.773349066021511655e-01 9.713753717623212491e-01 9.871431099017724531e-01 1.004303250338345332e+00 1.016926985741897216e+00 9.927307886380161150e-01 1.007699078940838877e+00 1.015202465291632716e+00 1.026045185724780762e+00 1.026180260402501654e+00 9.810409370369523874e-01 9.044135058963895801e-01 9.488106237329644310e-01 9.770537928672613504e-01 9.811897701518154102e-01 9.633648383687249961e-01 9.117455457911427530e-01 9.419044433149146300e-01 9.168928562773545066e-01 8.423442696849700040e-01 9.123893453412775800e-01 9.270927462128748520e-01 8.501648203935492365e-01 9.483756202166967464e-01 9.768410994946787884e-01 8.623046811854191418e-01 8.067273662226107644e-01 8.793977466307374424e-01 8.945495139190089429e-01 8.567038829019530954e-01 8.069825894329428762e-01 8.911843891045082566e-01 1.021504429737233544e+00 1.004843137922430296e+00 9.644503079842470239e-01 8.859065734567111994e-01 8.193898470494296316e-01 8.668389790155967001e-01 9.103254158124721718e-01 9.173130396417153998e-01 8.730441719641796050e-01 9.373918786130279734e-01 1.030201954790525010e+00 1.033137628771965799e+00 9.277045475520971918e-01 9.813143616633748234e-01 9.617390437957130667e-01 8.737438218678220681e-01 8.269720634896514655e-01 9.746594558890805393e-01 1.038256633574541121e+00 8.800436206744427503e-01 9.596933799934774800e-01 1.013953488282634430e+00 1.038668103799488707e+00 1.102964082090098330e+00 9.811119399047449896e-01 9.722818220235844855e-01 9.710875739003325124e-01 9.096812460076701967e-01 8.363468582591900846e-01 8.328587672858749347e-01 9.569540076727605094e-01 1.009049907482327590e+00 1.007556751686942587e+00 9.330375910690191787e-01 8.657988483409201352e-01 9.518276333393611566e-01 9.219079916692498600e-01 8.697291277769395590e-01 9.807091255419758680e-01 1.257430138049169699e+00
9.568027454047431934e-01 9.625194699634950224e-01 9.626342809809437240e-01 9.522478133969337621e-01 9.580204338209634685e-01 9.692725089431956098e-01 9.530248881855164500e-01 9.807348470511041416e-01 1.008813743921698203e+00 9.813623105672102387e-01 9.947654567191407393e-01 1.007438460220190457e+00 9.875456902653038105e-01 9.786961565039262734e-01 9.773349066021511655e-01 9.465362274872042292e-01 9.530914757820562189e-01 9.653433843844905216e-01 1.012898322526770034e+00 1.016691836315166908e+00 9.814796913882497531e-01 9.825881107737091114e-01 1.011653823317106404e+00 1.028687665042402610e+00 1.029218688535175286e+00 9.782084887194875122e-01 9.437503418425081669e-01 9.567283290482901936e-01 9.918168169401905265e-01 9.927804528141287443e-01 9.333998743018855349e-01 9.191331857479023704e-01 9.395329328861026230e-01 9.261071576404710237e-01 8.726744794061328525e-01 9.205996256355620799e-01 9.274722294736830186e-01 8.844758468215453417e-01 9.393285956330910125e-01 9.528099509318931348e-01 8.836742350484407815e-01 8.698640663572007048e-01 9.137364952873469059e-01 8.612809010411259791e-01 8.833232479017026906e-01 9.067594186338641116e-01 9.311172314049649401e-01 1.022410972225836101e+00 1.040644998677857203e+00 1.010732506778322826e+00 9.425562612341394919e-01 9.486481871741706540e-01 9.903835871683795977e-01 9.798326418241757318e-01 9.293593508232755873e-01 9.030599655904397727e-01 1.024621478899393034e+00 1.085539680143486452e+00 1.085275625809059674e+00 1.013110509326326625e+00 1.020817414202950024e+00 1.050573763047698561e+00 9.646765676576545268e-01 1.005895976792130275e+00 9.772231852974194721e-01 1.003543909906722931e+00 9.447063189502992175e-01 1.076364889293848881e+00 1.034505737470416298e+00 1.025001334309509904e+00 1.083650182439238607e+00 9.546211792134763341e-01 9.786870825835057852e-01 1.044842384310056715e+00 1.048252892788504420e+00 9.993123072458424128e-01 8.789662355295945195e-01 9.043680800626194838e-01 1.067451810095304987e+00 1.139319754374143123e+00 9.592178901295863591e-01 9.238574932068469581e-01 1.070916582559835906e+00 9.757269320177793803e-01 1.003602575103153427e+00 1.028988782732741081e+00 1.224415801117969327e+00
9.326878293999836256e-01 9.738598761596455322e-01 9.926778570321278528e-01 9.526698734142773350e-01 9.705612131035293855e-01 9.986232020778360585e-01 1.001381987694329290e+00 1.014141368246167518e+00 9.910998567163031847e-01 9.715778397315082415e-01 1.000957936243550117e+00 9.946654708056992256e-01 9.880023816703253914e-01 9.905321014573202909e-01 9.713753717623212491e-01 9.530914757820562189e-01 9.526291701559570502e-01 9.675755774565401035e-01 9.900305639862433393e-01 1.005830598245026630e+00 9.773893654471232928e-01 9.657345060985600416e-01 9.932159499900352628e-01 1.014071466980931202e+00 1.042517502034970844e+00 1.007662957498184353e+00 9.840970779010487224e-01 9.716485362049791519e-01 9.930323839190209334e-01 9.709764843798694978e-01 8.973730999152734755e-01 9.287034333846331258e-01 9.361799189822225253e-01 8.932296369076627718e-01 8.665903960330415545e-01 8.926908003275537684e-01 9.304728970813711530e-01 9.559839417763552616e-01 9.523632494637748191e-01 9.472971769578443224e-01 9.570153890056534163e-01 9.545478928550162889e-01 9.566451926922400206e-01 8.873039224894047061e-01 9.159362357222217144e-01 9.710343369227741883e-01 9.876239444675282142e-01 1.028264045538432425e+00 1.055882984203177610e+00 1.014511246405789935e+00 1.050066741381258106e+00 1.040989191386556767e+00 1.054102033768486768e+00 1.009588698863643552e+00 9.135113504090491832e-01 9.740206972352842829e-01 1.122909331859696769e+00 1.087548189060391302e+00 1.089880131959320764e+00 1.032933032722509470e+00 1.049427829907221943e+00 1.066419785421627742e+00 9.906689748135280027e-01 1.054838884992881143e+00 9.966643909799995926e-01 9.467328979525027055e-01 8.850270778410203043e-01 9.516277990230894712e-01 1.042828735947415764e+00 9.116266388502213269e-01 9.559339539136403330e-01 9.483932542479378558e-01 9.490553449495130467e-01 1.036520428402045058e+00 1.056103438096938518e+00 1.047654018480634441e+00 9.590554155232203781e-01 8.592800601275274452e-01 9.969758760253435437e-01 1.117777323398927658e+00 9.355589585530033059e-01 9.777932483700951805e-01 1.116192423111745935e+00 1.093671117964009731e+00 1.215501496528814007e+00 1.189757767238990294e+00 1.175694804353492939e+00
1.018948571268019965e+00 1.057269839161465885e+00 1.054188508928446621e+00 9.711592824303808547e-01 9.884044775536405814e-01 9.836448814348910386e-01 9.770858092566856445e-01 9.994573845357415109e-01 1.011881096821564130e+00 1.021843370827686170e+00 1.010565039220318928e+00 9.798999429816553919e-01 9.753984409401498246e-01 1.008548251967246623e+00 9.871431099017724531e-01 9.653433843844905216e-01 9.675755774565401035e-01 9.379895951931821463e-01 9.791871366805909860e-01 9.959025614362739809e-01 9.942043882804014743e-01 9.901859482074784058e-01 9.977754573262935800e-01 1.001996506434499556e+00 1.022083466475427471e+00 9.982799054503737057e-01 9.728511829465900096e-01 9.793530321271035621e-01 9.920930589853396153e-01 9.464975701981087619e-01 9.128373047977235144e-01 9.462021671882215879e-01 9.628466819236251029e-01 9.273194675123958008e-01 8.940156674932212555e-01 8.902208086546451460e-01 9.262142929761923993e-01 9.439341267478096320e-01 9.576609465053311787e-01 9.534408947470531803e-01 9.432935234622659149e-01 9.629472235797782442e-01 9.496601755622092744e-01 9.603320966378794399e-01 9.441358537953749019e-01 9.019462592914107013e-01 8.415291008661517358e-01 9.328368758343101863e-01 9.605644115000794292e-01 9.423766683876846351e-01 1.054279842573220716e+00 1.011422575096772913e+00 1.046632611246962608e+00 1.080624372810729872e+00 1.034506386769733943e+00 1.089870524939772878e+00 1.142848282714319819e+00 9.841536844282028351e-01 9.822839893952013401e-01 9.870396055689085735e-01 1.039977833348027625e+00 1.002053951997457615e+00 9.430906154060194613e-01 1.002669731566060429e+00 1.092445973399252424e+00 1.010343471170936924e+00 8.322622940920960666e-01 8.766981314567122707e-01 1.026787679756425042e+00 9.613788381483090451e-01 8.348043289824839119e-01 8.521728963490496911e-01 8.758604399960371323e-01 9.473751965931943575e-01 9.823651776216224540e-01 1.040583055809120916e+00 8.871215305535877782e-01 8.507780160369062816e-01 9.134727221625424942e-01 1.045339782780535964e+00 9.497695320521017948e-01 9.420090898628341591e-01 1.003524885334563521e+00 9.552329363673319751e-01 9.759852917044169462e-01 1.022354874420409399e+00 1.090062832888083699e+00
