9.661272647679958192e-01 9.614261087695398222e-01 9.797988759266254011e-01 9.835127714841759294e-01 9.788331156643329534e-01 9.574848673545587330e-01 9.059867285879547039e-01 9.084283522962289803e-01 9.983946219039181447e-01 1.035896929770755204e+00 1.002242768082407087e+00 9.002362409497336460e-01 9.307536904005274669e-01 9.733215537827382136e-01 1.003562328114524727e+00 1.020128118920031079e+00 1.099422757391830707e+00 1.086781976464159527e+00 1.024742616129659334e+00 1.051487522014750597e+00 1.094486122753020485e+00 1.034785148922953590e+00 9.644453836971356164e-01 1.076033440868991997e+00 1.099179295114742994e+00 9.941224992653288073e-01 1.114429603951988090e+00 1.222797238053012325e+00 1.196717609485768996e+00 1.120167755957111932e+00 8.406393147863602255e-01 7.934282237986748365e-01 8.195851935246577513e-01 8.670683546225508298e-01 9.000123181185606391e-01 8.909538986891076817e-01 8.574129860347747822e-01 7.442312861796636092e-01 7.315017388152743605e-01 1.005045639768169519e+00 1.010167035615875841e+00 1.009949415480724699e+00 8.785938812736635573e-01 9.162897212487477461e-01 9.895350731176060233e-01 7.460102057378238394e-01 7.501843543666395497e-01 8.708172030159756494e-01 9.638001649063394627e-01 1.001837993637407775e+00 8.790729605111798906e-01 9.151880516701482726e-01 9.459717929623543409e-01 8.726024513921791792e-01 9.686987584024717712e-01 1.133864056731306968e+00 1.005345395007505305e+00 1.009299981990850581e+00 1.046771780724459866e+00 9.385766937620909633e-01 8.767244533618541169e-01 8.825208539664514129e-01 8.777685389055865928e-01 9.260473939683960820e-01 9.064667335273841609e-01 1.024039094122999538e+00 9.475669821435975804e-01 7.459591040494355507e-01 6.804015701300468733e-01 7.141761175564552699e-01 8.202424344522629696e-01 9.024232768951733208e-01 1.025284260552892235e+00 1.119316889779268909e+00 1.001979868491605918e+00 1.118187665077270410e+00 1.009985969511990378e+00 8.131105204778295015e-01 9.004679894562577225e-01 1.184172776827024709e+00 7.176247118383093371e-01 6.619234241885688652e-01 8.388886181276092868e-01 8.188252414664807244e-01 1.004637906284161497e+00 8.439051949812484965e-01 7.020839836500156750e-01
9.614261087695398222e-01 9.880337151614748681e-01 9.947680973560583118e-01 1.008553942748310339e+00 9.938683842617077602e-01 9.856590001200328244e-01 9.671748925929952723e-01 9.476147432537873616e-01 1.003962487243117208e+00 1.005724651221416188e+00 9.741251552801950542e-01 9.941321226410350098e-01 9.972733224112581008e-01 9.313462644661998358e-01 9.506125126583775398e-01 1.038862835526514594e+00 1.107359439351947472e+00 1.084271581672237028e+00 1.033183359505072563e+00 1.136185996060419701e+00 1.151264240885921275e+00 1.076246913744324685e+00 1.014691038091593889e+00 1.113931573344560055e+00 1.081564564582721655e+00 9.313436107351688031e-01 9.712445913683342980e-01 1.028325305478334339e+00 1.064648747868083500e+00 1.083419280842289334e+00 9.493340352004737692e-01 8.928200296406952896e-01 8.010590424911180341e-01 8.702254032326744992e-01 8.472972679407723140e-01 9.255015361900750248e-01 8.745700513411790444e-01 6.654440258767209126e-01 7.745907047478907126e-01 9.447076426303514518e-01 1.006183465719396430e+00 8.797623552811615344e-01 7.915290900389098105e-01 8.540651990333367749e-01 8.020369349791676150e-01 7.089882461209529030e-01 8.124237948825615563e-01 1.144094427168112604e+00 1.080886435594464290e+00 9.208719339042482632e-01 8.790178589787467356e-01 9.054300144809513951e-01 9.980185990729342205e-01 1.076925352277696479e+00 9.980493180109292206e-01 1.036314107893495207e+00 7.955113468318675274e-01 7.593090668557804790e-01 9.434228666379876893e-01 9.720824862684900314e-01 9.742828814065014331e-01 8.718342466088290221e-01 8.009770411509163912e-01 7.705087251673796711e-01 8.904445162547521830e-01 1.027620312984750761e+00 9.506561406442372020e-01 7.596785064228508411e-01 7.796756561413908937e-01 8.137834813487464514e-01 9.434221223970847836e-01 9.201871479066726645e-01 8.995479228999455623e-01 1.047322430540029714e+00 9.850651722959430368e-01 8.898260420906238810e-01 8.658353273094104852e-01 8.283170052623692881e-01 7.589303303129694145e-01 8.045452325118657155e-01 6.928810665351535780e-01 7.189688019259182772e-01 8.654125700983638092e-01 7.657242732740738855e-01 9.164870400966685926e-01 1.044560986335473451e+00 9.201453429150860952e-01
9.797988759266254011e-01 9.947680973560583118e-01 9.933419977646645860e-01 9.951484601704949640e-01 9.922364201846632925e-01 1.007945079622239781e+00 9.707752692021726082e-01 9.247902154591953749e-01 9.375672315426628600e-01 1.006943961908042473e+00 1.049770816444783650e+00 1.060185272640818521e+00 9.887325517179486045e-01 9.411994891860211432e-01 9.374198426446043175e-01 9.450248458822112507e-01 1.004926861220809320e+00 1.088505838945023063e+00 1.046491553424063747e+00 1.047239576674148243e+00 1.042798322377403109e+00 9.969738622774297898e-01 1.045529583736988899e+00 1.115306153606894002e+00 9.926157002952686881e-01 9.190717365752518742e-01 9.082788431373474136e-01 8.838628610197262203e-01 9.544870376189948935e-01 9.651899464314163124e-01 9.209972014417461272e-01 9.096661516891489940e-01 9.448004409572299256e-01 8.442754588728247356e-01 8.254032484795036373e-01 7.907364384095212362e-01 8.272217749230436068e-01 7.724567201697375429e-01 7.070623546988614727e-01 8.416776132374622632e-01 9.141128093765312768e-01 8.154753863598045438e-01 7.495852675308761759e-01 8.052458721859732105e-01 8.521905376230529683e-01 8.834266917149129483e-01 9.928796923526000962e-01 1.104379214577848822e+00 1.052568243987895835e+00 7.677564880149599924e-01 7.177372903339014343e-01 9.591537245304813109e-01 1.033213461157613366e+00 1.173788996565965581e+00 1.057531301604965224e+00 9.549075532421064105e-01 8.514683063206666125e-01 7.582460574823728372e-01 8.502876121421818478e-01 1.074095661389157685e+00 1.183456879614501300e+00 1.044740153233878699e+00 8.039998423473092570e-01 6.669051666627381358e-01 7.350334654083829911e-01 8.325550344022674132e-01 7.890273605991463546e-01 8.565602587177661986e-01 7.966338009043885116e-01 9.066059774403706362e-01 1.073505527567660156e+00 8.412116762179163709e-01 7.383760418086497967e-01 7.764936998392284462e-01 7.283320163618054455e-01 7.572838877474249442e-01 9.179497428317273666e-01 9.767173952905892076e-01 6.650015799202436684e-01 5.258393132195435804e-01 7.124759131947091539e-01 1.058814648082029519e+00 9.242625096374575966e-01 7.350953264685141653e-01 8.909785348609310374e-01 1.082210470315976281e+00 1.140134535130777227e+00
9.835127714841759294e-01 1.008553942748310339e+00 9.951484601704949640e-01 1.013278795419040756e+00 9.830189450216183511e-01 1.016996702182135559e+00 9.958450074101187210e-01 9.099314571049509359e-01 9.103694173222202091e-01 1.005563613572630466e+00 1.087243955425452713e+00 1.073666349296872990e+00 9.884839011384668472e-01 9.648608480587540503e-01 9.640193874802124308e-01 9.584373153087953900e-01 1.035647995882559291e+00 1.022785623461070603e+00 9.673550888238432455e-01 9.426669410732672061e-01 9.244652277325079437e-01 9.471455504896825195e-01 9.679988684145409694e-01 9.229231548619422076e-01 9.073903688844243698e-01 9.191862447246477164e-01 9.689449874238253990e-01 1.001502571496686533e+00 9.763448568960453322e-01 8.128992219697726007e-01 7.898495199776154330e-01 8.768215966550032547e-01 1.001503524221218688e+00 9.933962034342118663e-01 8.841413893392040535e-01 7.942383523832411418e-01 8.717752878470975686e-01 8.697086474718852545e-01 7.250601391337405666e-01 7.275525684912010904e-01 9.334552560279141264e-01 9.697043510599939742e-01 9.270013596679633761e-01 8.702638601087682169e-01 1.048887767027480100e+00 1.076142588536804556e+00 9.144196464637230903e-01 7.964282412332061023e-01 7.777080987715575544e-01 7.373297097685624912e-01 6.932911503476172355e-01 7.653136838194863900e-01 9.098490731026176448e-01 1.165003586368673849e+00 1.124588761224626143e+00 1.051110555179853856e+00 9.907611022882074625e-01 8.102257593961675886e-01 8.568154398710788877e-01 9.863725474546203298e-01 1.128952576627730187e+00 1.000472890238024215e+00 7.906684032915479721e-01 7.623694586915428228e-01 6.967580411812906993e-01 6.550039394649186386e-01 7.163072869993702962e-01 8.056661984023720802e-01 8.037014929104164818e-01 8.318187978651272463e-01 1.000654604511414858e+00 9.071091895277935135e-01 8.311351418395236390e-01 6.896851116997640974e-01 6.070686718283816452e-01 7.961905255478561871e-01 1.020091765471539791e+00 9.695386993746774040e-01 8.326630314901660723e-01 7.862186412563635374e-01 8.539899742626479995e-01 8.967302066007214467e-01 7.242371125430259182e-01 6.812284699234048002e-01 9.248907325560978832e-01 1.016043355986480101e+00 1.102536283426379660e+00
9.788331156643329534e-01 9.938683842617077602e-01 9.922364201846632925e-01 9.830189450216183511e-01 9.985285516811358564e-01 9.903789486205639703e-01 1.014602332876265001e+00 1.002170698950437311e+00 9.315955440038362623e-01 9.655822410875352091e-01 1.065924868606134668e+00 1.059835502970583265e+00 1.023553488022823199e+00 1.011120757327126585e+00 9.696079786199184314e-01 9.988722811766002074e-01 1.031227934420744674e+00 9.949948643297001905e-01 9.981864683608177025e-01 1.063059766895285696e+00 1.059182465705507781e+00 1.059778838517664523e+00 9.989892398161512865e-01 9.673447411980449218e-01 9.507568854573419381e-01 9.210468764294357236e-01 9.586625545809990268e-01 1.044430984934261009e+00 1.049031507843582567e+00 9.753458791629937563e-01 8.150563039326065295e-01 7.371798886833496045e-01 8.961481659132264355e-01 1.088563744582450532e+00 9.860142850523689884e-01 9.141530281172225436e-01 8.546751219465257288e-01 8.014896281265689870e-01 7.781649853021602725e-01 7.776999862973863475e-01 8.303155840705167545e-01 9.187069909521722311e-01 9.845676198086159570e-01 9.529140310300883154e-01 9.070132661023704301e-01 9.496255930828745306e-01 8.021396648805154683e-01 7.284631058086492583e-01 8.227657202318305885e-01 8.005047992321415729e-01 7.075762090330474097e-01 7.272469781037314007e-01 8.528933804191591861e-01 9.253810374986749521e-01 9.117102041561627734e-01 9.485570858153036244e-01 9.194851664692744730e-01 7.166575762817788409e-01 8.344036437046502552e-01 9.531521230701802683e-01 9.679237937158592375e-01 7.718896597909711277e-01 7.475833029168343913e-01 9.121688882886279659e-01 8.511732271538644534e-01 7.067498513388054127e-01 7.802968387121834715e-01 8.281707866304175436e-01 8.741022909932245621e-01 8.438880643084066824e-01 8.719890753245820303e-01 9.280580743344649663e-01 8.731710622951649459e-01 8.368686963787902444e-01 7.893343153937183443e-01 9.588125851067598182e-01 1.017895483472956109e+00 8.793702730649703980e-01 9.556504424905986061e-01 1.082695452818479787e+00 1.104355049287747859e+00 6.812974268501802433e-01 4.809427974009882756e-01 7.561778722128867924e-01 7.068268515950574260e-01 6.642817478395203201e-01 6.467915894944777921e-01
9.574848673545587330e-01 9.856590001200328244e-01 1.007945079622239781e+00 1.016996702182135559e+00 9.903789486205639703e-01 9.772802878878779076e-01 9.899868145466872438e-01 1.002866749508406263e+00 9.718520264641213879e-01 9.923139431903265084e-01 1.071593423748024243e+00 1.028146636926430046e+00 1.011690168719036054e+00 9.898286725909769546e-01 9.376154132647963602e-01 9.691119479152459082e-01 1.005577405931441737e+00 1.031255914856357370e+00 1.031438507957197270e+00 1.097670840691570504e+00 1.081960425299353989e+00 1.009697871378567813e+00 1.004530036854189623e+00 1.038182461756536945e+00 1.037026378817916150e+00 1.083597635288203742e+00 1.092071755003956479e+00 9.966564166000516645e-01 1.019553043455734276e+00 1.026265712051708245e+00 8.302450214972031395e-01 7.291763212669803984e-01 8.695086832230313201e-01 1.035736727978886274e+00 9.537165035262042956e-01 9.727404623029365371e-01 9.186394212753375976e-01 7.013645304084982213e-01 7.802319293346047235e-01 7.948344424829345556e-01 8.399682009351724377e-01 8.048219340880720107e-01 8.284264066175472951e-01 7.574328918601181959e-01 7.484427724689037831e-01 7.095771256862981602e-01 7.732360611414521578e-01 8.669557336952843363e-01 9.119600377572287808e-01 8.316138893120539333e-01 7.547581800956653098e-01 8.872819909285334372e-01 9.482991711029131743e-01 9.314399987130711489e-01 1.008404365477734821e+00 9.495585576465620514e-01 9.829495736325603028e-01 8.014884280381484594e-01 8.200366252839863535e-01 1.020559839575697847e+00 9.731987400964371426e-01 8.310908685962410392e-01 7.166526265831005826e-01 8.679515589469347647e-01 1.010374553139766540e+00 9.253157442926773779e-01 8.215342929901986446e-01 9.061533607909560972e-01 1.015697825853408176e+00 9.154640319890979816e-01 8.445687134111780070e-01 8.140689011305722866e-01 9.085355266113623873e-01 1.176595544708749275e+00 1.098529081355291481e+00 1.176686831750689999e+00 1.136500978933237649e+00 9.358054469159988731e-01 1.056235628003751259e+00 1.059997207964965549e+00 1.135472495959582773e+00 7.614901230019337497e-01 5.418131353160208219e-01 6.004721686667514602e-01 6.440198026632508732e-01 6.034484996876117169e-01 4.010365319881717405e-01
9.059867285879547039e-01 9.671748925929952723e-01 9.707752692021726082e-01 9.958450074101187210e-01 1.014602332876265001e+00 9.899868145466872438e-01 9.835914164952251904e-01 9.733816002301189929e-01 9.643563723044021874e-01 9.916784545466635903e-01 1.048723918899871377e+00 1.033378167382569268e+00 1.030633960399791160e+00 1.020721495957413794e+00 8.982145479548067080e-01 9.101157354902152941e-01 1.013860321906925099e+00 1.019303601316890795e+00 1.001313312190516225e+00 1.028450214559237130e+00 1.088766320724707359e+00 1.023987956727474558e+00 9.736469620145097315e-01 1.012047820153759048e+00 1.097350120862121248e+00 1.129751128563309726e+00 1.119128267896519091e+00 1.086577149708983114e+00 1.037336230546155535e+00 9.439187479201947006e-01 8.093178383588159885e-01 7.891196444061602255e-01 7.638645494309398432e-01 8.109109814681216832e-01 8.093089345635418042e-01 8.615183041890260851e-01 8.492196283767197151e-01 7.324316477313774776e-01 8.645146643821051136e-01 8.440983032324215207e-01 8.661231332349794698e-01 8.475970589796461008e-01 8.088807848477523876e-01 6.021215704358369170e-01 6.731722764553920157e-01 7.119985875303882494e-01 8.014665537045599919e-01 8.959925581058114652e-01 8.736630835768290915e-01 9.174020143807561922e-01 9.006213170968834225e-01 1.011022949401894078e+00 1.054983042785531122e+00 1.081883228780561756e+00 1.188721381701939750e+00 1.034226677849611420e+00 1.065094406950505945e+00 1.005933271617336588e+00 9.112915467470014130e-01 8.961034695115078774e-01 9.835513414556602552e-01 1.020203988607040868e+00 8.438683570539464718e-01 8.102316188823877052e-01 8.376680243823257932e-01 8.191041839242189093e-01 7.893308447586434573e-01 8.703312816268293783e-01 9.964174416802025203e-01 9.501184283893105986e-01 8.169743529959595518e-01 7.694067529329319255e-01 7.967647736468735920e-01 8.761473682406679675e-01 1.146316724407455911e+00 1.197177919251103617e+00 9.484804707103386967e-01 8.202386586468252139e-01 1.094517965890765110e+00 1.109667527247618857e+00 9.269124139186598610e-01 9.030793087936505037e-01 7.607359919458979158e-01 7.244821165909078875e-01 9.734009004002441845e-01 9.802293577887752907e-01 7.301031825700410316e-01
9.084283522962289803e-01 9.476147432537873616e-01 9.247902154591953749e-01 9.099314571049509359e-01 1.002170698950437311e+00 1.002866749508406263e+00 9.733816002301189929e-01 9.813959585870524194e-01 9.813351001270828045e-01 9.814634324613223937e-01 1.010245743567748322e+00 1.023225285670397167e+00 9.923097465551683483e-01 1.025856454518375704e+00 9.460515410120867719e-01 9.432599274199157113e-01 1.001913117761087380e+00 9.872766219243740426e-01 9.721374798337186762e-01 9.452271728403079942e-01 1.009915604524633803e+00 1.029996256669890364e+00 9.836756458066321374e-01 9.869139611861171835e-01 9.946863415391412611e-01 1.047144768686273819e+00 1.105441825091391994e+00 1.123951515885148522e+00 1.053852019723118261e+00 9.300215489466510110e-01 8.369418660689426082e-01 8.369824836384077704e-01 8.113733983090950508e-01 7.715675055046418152e-01 8.195345033281917768e-01 8.140981624783990567e-01 8.261847982557283254e-01 8.189836806927968116e-01 9.048120978850592300e-01 8.063474764665499173e-01 7.781250661639345090e-01 9.366130421074793100e-01 8.081339494469772511e-01 5.999159323592802018e-01 6.722151104290113866e-01 7.700530093999284897e-01 7.693180140093671682e-01 7.529330159377818354e-01 7.735904692730818377e-01 8.697478268534223345e-01 8.933010121182856089e-01 9.275058115381330515e-01 9.988860378261602557e-01 1.101531695421513524e+00 1.148914925543133903e+00 1.055567301038622618e+00 1.141623400202989913e+00 9.574413799497455413e-01 7.687256386908808414e-01 8.883942085956005874e-01 1.146649043086652497e+00 1.193588093623775270e+00 9.263975931214587511e-01 7.214822305853396678e-01 7.126117777118985419e-01 7.295037884576873743e-01 7.939797613826320433e-01 8.437130563955735907e-01 9.875572579449916066e-01 1.040753115869087475e+00 7.137066792913807634e-01 5.745028111783359037e-01 7.160945488545281679e-01 8.226157968549224764e-01 1.083259285126218163e+00 1.203041822166404096e+00 8.323828894693082736e-01 7.425933279154575128e-01 8.952761533085940027e-01 8.989435946239860975e-01 7.800222163361429928e-01 9.425951843723653356e-01 9.505176185880571671e-01 9.185694907485438820e-01 1.122627903763614210e+00 1.147369107087413909e+00 8.314307935377684977e-01
9.983946219039181447e-01 1.003962487243117208e+00 9.375672315426628600e-01 9.103694173222202091e-01 9.315955440038362623e-01 9.718520264641213879e-01 9.643563723044021874e-01 9.813351001270828045e-01 9.960121449859236087e-01 9.880779873057286000e-01 9.731536242993737984e-01 9.754580148101928971e-01 9.409217317532078129e-01 9.462254462663477472e-01 1.025496144707835233e+00 1.032178155942282016e+00 9.726545470657428361e-01 9.862602171569005982e-01 9.759101932746520047e-01 9.621103812875797523e-01 9.688996353823532415e-01 9.953588472852309410e-01 9.773092157348194364e-01 9.961731374451716636e-01 9.944330832821098864e-01 9.754461736363359003e-01 1.076116016475192616e+00 1.047076794335546568e+00 1.066325270079729437e+00 9.757543766782079686e-01 8.378450932724780253e-01 8.459500306293985528e-01 9.387976688345537335e-01 8.363266046884851868e-01 8.082669110360037878e-01 9.154887963303380838e-01 9.370390106167983957e-01 8.414978259972325514e-01 8.299217008012542696e-01 7.813829411859140039e-01 8.024547756432813816e-01 8.981596547516583762e-01 9.048206624623409411e-01 7.718382243723520553e-01 7.907563331076788993e-01 8.680678749419926676e-01 8.707105422874804601e-01 7.761998912539846973e-01 8.572340825474205062e-01 8.368287287195317337e-01 8.751790905553032962e-01 1.040471712515334657e+00 1.162141742344089845e+00 1.114226213160097512e+00 1.066646816555246513e+00 1.012275517156834503e+00 1.017260776918528231e+00 8.304639578953920687e-01 7.599748521172852156e-01 8.910485914119369300e-01 1.007241447146355329e+00 1.081705863910780607e+00 1.063024047435093378e+00 8.021576318435931219e-01 7.485105109236407372e-01 8.838007107866352463e-01 8.591932315231874950e-01 7.923779928985485999e-01 1.017923155050784567e+00 9.715267713443910269e-01 6.909926264201675661e-01 5.306542780760739042e-01 6.733680947170105346e-01 1.045441571339129627e+00 1.052047471885901420e+00 1.004308549361128122e+00 9.735524430003833496e-01 8.334364013735381382e-01 7.284342827171907953e-01 7.345598692858104073e-01 9.731010247387912315e-01 1.272219719433411944e+00 1.130424928559079278e+00 9.299006574762800348e-01 9.820168801548593285e-01 9.484110717343128272e-01 1.017807414318791182e+00
1.035896929770755204e+00 1.005724651221416188e+00 1.006943961908042473e+00 1.005563613572630466e+00 9.655822410875352091e-01 9.923139431903265084e-01 9.916784545466635903e-01 9.814634324613223937e-01 9.880779873057286000e-01 9.882395741297764769e-01 9.735945244813901667e-01 9.786187931776363369e-01 9.687586924455963144e-01 9.504255415767836057e-01 1.029110436399186757e+00 1.071528227875583994e+00 9.959273494027418572e-01 1.024694683003807949e+00 9.618010754958122854e-01 1.000127467973368933e+00 9.771422015004013195e-01 9.449216704912696274e-01 8.633746845213541299e-01 9.705949463997787241e-01 1.090664810996312628e+00 1.010158703291147653e+00 9.970548118641306967e-01 9.985942320560942109e-01 9.992197268982920821e-01 9.406954417534012514e-01 8.214042207070140211e-01 8.012460589655669985e-01 8.739843383330621052e-01 8.125770765560839104e-01 8.288858140311079481e-01 9.951546426735243811e-01 9.508176851748328939e-01 7.133512491592743920e-01 7.817851357643104127e-01 7.756588456099408058e-01 8.465264649258713581e-01 8.469117017548812854e-01 8.299184894953859359e-01 8.031871072019224345e-01 8.685919280293551425e-01 9.063377599842078469e-01 8.309672003348732572e-01 7.755051403329127346e-01 8.183950224231459902e-01 7.965256096796894392e-01 9.287422326516759918e-01 1.179550820701601888e+00 1.234246176682297857e+00 1.123998323042379788e+00 1.037187149552885934e+00 9.765413115041948755e-01 8.592160806389080863e-01 8.458879678056160367e-01 7.558576960925676991e-01 8.612225565899306323e-01 9.441250229553231899e-01 8.226620007054004091e-01 7.677309775025543681e-01 8.998222203853035728e-01 8.615939386905788755e-01 8.104964661116244029e-01 8.169946125312158580e-01 7.492679778072620644e-01 9.045343260918055073e-01 1.069219692524933096e+00 1.044787815970442679e+00 7.949751936571550770e-01 8.411122549061338383e-01 1.008780948105255426e+00 1.102245582295540816e+00 1.010406818526398354e+00 9.816688993722718637e-01 9.221110629555941962e-01 8.118460952171134837e-01 8.494172889148460248e-01 1.156920136309252278e+00 1.389528406834948715e+00 1.046907993086147126e+00 8.861182339732540658e-01 7.587809594338464914e-01 8.719932801856599136e-01 1.050968971960425158e+00
1.002242768082407087e+00 9.741251552801950542e-01 1.049770816444783650e+00 1.087243955425452713e+00 1.065924868606134668e+00 1.071593423748024243e+00 1.048723918899871377e+00 1.010245743567748322e+00 9.731536242993737984e-01 9.735945244813901667e-01 9.866956446896461008e-01 9.784073648393267764e-01 9.795391912839057635e-01 9.856046425998509219e-01 1.014199781159680125e+00 1.031769257941283380e+00 1.005888784948106185e+00 1.004482237753741680e+00 9.913933625721498277e-01 9.964134078679662831e-01 1.026074596946481732e+00 9.903034394770885429e-01 9.176088514322565670e-01 1.064126578309905424e+00 1.158903179425607943e+00 1.111105564062241147e+00 1.047966762445130540e+00 9.735219148731184546e-01 9.325937028493249681e-01 9.611545773066696441e-01 8.432622710491601836e-01 7.744175812563839356e-01 7.780950646625827138e-01 7.490901202942582549e-01 7.713901194695568231e-01 8.593688703815778318e-01 8.510760435131027313e-01 7.251681389906883268e-01 7.301021832126159961e-01 7.960645554390519685e-01 9.127176973139587979e-01 7.953185937524558380e-01 7.221193744577049101e-01 8.030968495129386930e-01 9.268867316357289887e-01 8.397619659477609799e-01 7.741166344276951827e-01 8.874005911941252878e-01 7.807610744138092640e-01 7.858494078220298329e-01 9.671816384486435769e-01 1.172445680667120183e+00 1.264007541568340720e+00 1.140887113085181204e+00 1.108461435790012439e+00 1.002914810597079098e+00 1.057017940367934505e+00 9.662722668592965691e-01 8.393277240628845837e-01 8.729566079030066650e-01 1.036634024058705972e+00 9.128617307031111627e-01 6.200488676876882987e-01 8.040570827059695391e-01 8.880470659619834617e-01 6.733637559101280923e-01 7.735287763523793769e-01 8.052030536181489229e-01 8.109494422425470583e-01 1.033966130541002171e+00 1.080162066928679110e+00 8.646509609267026830e-01 8.608459868106775881e-01 8.969165603691166000e-01 9.183167784155386038e-01 1.216288880544186490e+00 1.145205130512325420e+00 8.760633692410545459e-01 8.418362590878473162e-01 8.787416919666861670e-01 9.547797141482707861e-01 9.678907195096495553e-01 9.118505330083854776e-01 8.667913988686646309e-01 7.188456718991458327e-01 6.851490373036580595e-01 8.995841527906961455e-01
9.002362409497336460e-01 9.941321226410350098e-01 1.060185272640818521e+00 1.073666349296872990e+00 1.059835502970583265e+00 1.028146636926430046e+00 1.033378167382569268e+00 1.023225285670397167e+00 9.754580148101928971e-01 9.786187931776363369e-01 9.784073648393267764e-01 9.948414726600367519e-01 1.000179180709410032e+00 9.975901180300771331e-01 9.841062785099142785e-01 9.743376794131367591e-01 9.982384578985761259e-01 9.673008474424130698e-01 9.983303625278928672e-01 9.814919767278406093e-01 1.013925167537667704e+00 1.016791449800287461e+00 1.022220906060140377e+00 1.081783931856283631e+00 1.059405488881538515e+00 1.032619132314084087e+00 1.068510651880422824e+00 9.558149381157482471e-01 9.581989698690037693e-01 9.598476334626048212e-01 8.343743261145543100e-01 8.092026984068612094e-01 8.516665763084658725e-01 8.109875906947602298e-01 7.291086225883519623e-01 7.794585114961197769e-01 7.495854808178707973e-01 7.745109603204072268e-01 8.140620548304526860e-01 8.122281322666039527e-01 8.208019574406044683e-01 8.046986034432358492e-01 7.895529364719054977e-01 8.042795719546752542e-01 8.198520513586212699e-01 8.880819299362582298e-01 9.567902842139152098e-01 9.490565032849578309e-01 7.953155388001943438e-01 9.007877462482687392e-01 1.007786686955851163e+00 9.956419632206280346e-01 1.082807467769300036e+00 1.145158761927291602e+00 1.074865638404844281e+00 9.437433916935482614e-01 1.221746046372466310e+00 1.270729805135954127e+00 9.847095905313839603e-01 8.856056964571422663e-01 9.975144409363235765e-01 1.028070110181563246e+00 9.116026286185952010e-01 7.926760009156994524e-01 7.543889763737793297e-01 7.164761583943625167e-01 9.372204420335545905e-01 8.552179174580766263e-01 8.000501084502452676e-01 8.040948680018774608e-01 8.065813404804689224e-01 7.178876604944295359e-01 6.723598953913638709e-01 7.906776222170173174e-01 1.032861733383193092e+00 1.270197308105866174e+00 9.493382582379318313e-01 6.840974250571110193e-01 7.365843940983728411e-01 7.936953008256286690e-01 7.220782687224550633e-01 6.589612899997349116e-01 8.394201355501751394e-01 9.298208378859639245e-01 8.740176809601922781e-01 7.479756988462528122e-01 8.009129034388950963e-01
9.307536904005274669e-01 9.972733224112581008e-01 9.887325517179486045e-01 9.884839011384668472e-01 1.023553488022823199e+00 1.011690168719036054e+00 1.030633960399791160e+00 9.923097465551683483e-01 9.409217317532078129e-01 9.687586924455963144e-01 9.795391912839057635e-01 1.000179180709410032e+00 9.997827295216165089e-01 9.955830199944297743e-01 9.925423218230078337e-01 9.847288970904735095e-01 9.791389289189872391e-01 1.003662252278333167e+00 1.030408897710079819e+00 9.695940623626737587e-01 9.879378050391507404e-01 9.858636590342284567e-01 9.875426855421134409e-01 1.076535318455769552e+00 9.992905051096478974e-01 9.945023740797304113e-01 1.037181197005978994e+00 9.824399649840002136e-01 9.703830255878473920e-01 9.223860506605627840e-01 8.390556750071739289e-01 8.009678579212810012e-01 8.977239144237849633e-01 8.785821978508728813e-01 8.129039535729092325e-01 7.759564679416932620e-01 7.182234402291717279e-01 7.497171168963803201e-01 8.831085461288193939e-01 8.508080024590788382e-01 7.981880318525644835e-01 7.928433353675565787e-01 8.096322412039744787e-01 8.654433124304885538e-01 8.483178614930103612e-01 9.543440100122250191e-01 8.983075018733029937e-01 7.991914247453166809e-01 8.224476922419651226e-01 9.187007788969250299e-01 9.770330044916005763e-01 9.801548062279871187e-01 9.192680342861959675e-01 1.016715424911000643e+00 1.017971113797291771e+00 9.853521742255753058e-01 1.063723912339999744e+00 1.195780742669914964e+00 1.045363697623378441e+00 1.077020988556652847e+00 1.206868964061031280e+00 1.055339313750241814e+00 9.553467875266341558e-01 8.290116695458226159e-01 7.969322652070348623e-01 7.912623216958445393e-01 1.034343207464559322e+00 9.874110795026258547e-01 9.430334313954371606e-01 9.063623100761398765e-01 8.455552663001389968e-01 6.808023333516174391e-01 6.808784927990714220e-01 8.895693359293412872e-01 1.100964132988726307e+00 1.091071058193435084e+00 7.511093138197808550e-01 7.687119236493984431e-01 7.126455002062467292e-01 7.693664154062681559e-01 7.728792522591053649e-01 7.656818523851293135e-01 8.466058272900792714e-01 1.044522800985323130e+00 1.069322531684418820e+00 8.471244748809465541e-01 6.907724424450013556e-01
9.733215537827382136e-01 9.313462644661998358e-01 9.411994891860211432e-01 9.648608480587540503e-01 1.011120757327126585e+00 9.898286725909769546e-01 1.020721495957413794e+00 1.025856454518375704e+00 9.462254462663477472e-01 9.504255415767836057e-01 9.856046425998509219e-01 9.975901180300771331e-01 9.955830199944297743e-01 9.891942361206114143e-01 9.878100409231678203e-01 9.804024861185991480e-01 9.834885435763882633e-01 1.051335886046372403e+00 1.044729289448167009e+00 9.590035694377770925e-01 9.461020581486311309e-01 9.414170267748687149e-01 9.819147250622934919e-01 1.035519503484619408e+00 1.065689455029092292e+00 9.869560539202318905e-01 9.684397858655718894e-01 1.011180317555985253e+00 1.009065542083977585e+00 9.304483938794685383e-01 9.010769481290151761e-01 8.086766412306828355e-01 9.131682828310514477e-01 9.129233136846162111e-01 8.545098664899727359e-01 7.734843605011493262e-01 7.710152319881926619e-01 8.199301645458340060e-01 8.226407725470794574e-01 8.908882402405338130e-01 8.751000816801813853e-01 8.043822727893724656e-01 7.800837080658161726e-01 8.246288869662408150e-01 8.713868425048756361e-01 9.355533722807066743e-01 8.788880505494893747e-01 7.608146794063107565e-01 8.017173515617727064e-01 9.201623645645634619e-01 9.242141266302443814e-01 9.645891812024679490e-01 9.390191477958780286e-01 8.632034371417780516e-01 1.001684713633354429e+00 1.079810437119813615e+00 1.093288504316992649e+00 9.446043327596448380e-01 1.047301040468426647e+00 1.140871235336603284e+00 9.849859541449602629e-01 1.097493374490200235e+00 9.400355312108972239e-01 1.074882867528958341e+00 7.943830485981193679e-01 8.013084402824028896e-01 9.381170862080036033e-01 1.004268933559197663e+00 1.055248869174026494e+00 1.049020768585553931e+00 1.054384044903669881e+00 8.075635283552297095e-01 6.487397151943856688e-01 9.469768741400177436e-01 1.011028858341545433e+00 9.235973341255115932e-01 8.241339714766912072e-01 6.701049153131284353e-01 7.354492460838100154e-01 8.538105706479364176e-01 7.889349006752425231e-01 9.095868215984014293e-01 9.870944027194485937e-01 8.687672596861454322e-01 8.615956911113636929e-01 8.926804178592961936e-01 7.643218017157824562e-01
1.003562328114524727e+00 9.506125126583775398e-01 9.374198426446043175e-01 9.640193874802124308e-01 9.696079786199184314e-01 9.376154132647963602e-01 8.982145479548067080e-01 9.460515410120867719e-01 1.025496144707835233e+00 1.029110436399186757e+00 1.014199781159680125e+00 9.841062785099142785e-01 9.925423218230078337e-01 9.878100409231678203e-01 9.803152234158335476e-01 9.800376940127718539e-01 1.004410181936516988e+00 1.025339242700189724e+00 1.033874670449789201e+00 1.014380663177281816e+00 9.622703341356932949e-01 9.214223095137163977e-01 9.677526070301610828e-01 1.070972447571811426e+00 1.081405418307458843e+00 9.318295119276165384e-01 9.100684477208920153e-01 9.670517072278018711e-01 9.762812349424587754e-01 9.467076780955054893e-01 9.052770841576375238e-01 8.972882401310724454e-01 9.269327984090025563e-01 9.093648522319756067e-01 7.502381249563452315e-01 7.103647153242036438e-01 7.531968226924169452e-01 7.551471694027541703e-01 7.771292893901701193e-01 8.201136316512266378e-01 9.014710719090310853e-01 8.910278508162444711e-01 7.741820161854833238e-01 7.085404453435665273e-01 7.810321498821193309e-01 8.866689750644550783e-01 8.595174216760607111e-01 7.541660917683962184e-01 7.363951937676214143e-01 8.419518246864549083e-01 8.546898002342468992e-01 9.640571580202367263e-01 8.911638257990198708e-01 8.889838678975184871e-01 1.083630809792280658e+00 1.181443046080023374e+00 1.151657838023368852e+00 8.932506118801145645e-01 9.009124314744436646e-01 9.240518702288995634e-01 6.870134237484201156e-01 8.150712899848184811e-01 1.023191701083041583e+00 1.127616690934370336e+00 9.284681924712508971e-01 8.211630208034641498e-01 8.426358865538214893e-01 1.101295719275959373e+00 1.069214910467970681e+00 9.333349409864536428e-01 1.008373037261305338e+00 9.242714383426658964e-01 7.774808108636099835e-01 8.851721610006281216e-01 9.089708686697303142e-01 9.527291475299457524e-01 6.513547424046074452e-01 5.839397914037043336e-01 7.773361887136975845e-01 8.070923777651055619e-01 8.635888964825533254e-01 9.746006502066564270e-01 9.253158572444416530e-01 7.766745733819035991e-01 7.057791162510662630e-01 9.079991758303020966e-01 9.228708931514379987e-01
1.020128118920031079e+00 1.038862835526514594e+00 9.450248458822112507e-01 9.584373153087953900e-01 9.988722811766002074e-01 9.691119479152459082e-01 9.101157354902152941e-01 9.432599274199157113e-01 1.032178155942282016e+00 1.071528227875583994e+00 1.031769257941283380e+00 9.743376794131367591e-01 9.847288970904735095e-01 9.804024861185991480e-01 9.800376940127718539e-01 9.896488522906596863e-01 9.907289613394278938e-01 1.002182709816498374e+00 1.017322094749988359e+00 1.001351712629670709e+00 1.012113390192720397e+00 9.910378126910243113e-01 9.540568015557263637e-01 1.039745919630648663e+00 1.091423867931958558e+00 9.446349550155297425e-01 9.285709243220906517e-01 9.354500944406884955e-01 9.579652226702104478e-01 9.675064484231425954e-01 8.977947170667776033e-01 8.838329789826057103e-01 8.549098064414458742e-01 8.103002310111362405e-01 6.806753773634526272e-01 6.685118561285245953e-01 7.630071886215222809e-01 7.805150167757507473e-01 7.538752186330222038e-01 8.082599551797772230e-01 8.698283346184183529e-01 9.007959959691684837e-01 7.753763303826056719e-01 6.931011340344287452e-01 7.839182337917531829e-01 8.693278038138222419e-01 8.291232731455338012e-01 7.361050732720414436e-01 7.528686139251495879e-01 8.607075335678844308e-01 8.797333736475060340e-01 8.873005594602279000e-01 9.111033073763790124e-01 1.031833850816174181e+00 1.157346864575410805e+00 1.114539178420861587e+00 1.036344869157962201e+00 9.859048613836015607e-01 9.973816146981114850e-01 9.050175759979955936e-01 6.943152504696898930e-01 6.679304133122850873e-01 9.283953260301094357e-01 9.866861484783284730e-01 9.397250582264380370e-01 7.719400743558283429e-01 7.970740836132487184e-01 1.065982599624806459e+00 9.330180066484772272e-01 8.544185264876751340e-01 8.669093168740694688e-01 9.312387949997438241e-01 7.768348156246938085e-01 9.337766557983631088e-01 1.198486154250647306e+00 1.132059710750368486e+00 6.546683917030138300e-01 6.405933475507226138e-01 8.313851207806292054e-01 9.119016770353413071e-01 9.784668208299996950e-01 9.619826081696241094e-01 8.395222544040181756e-01 9.997082228835449946e-01 7.911208081193908948e-01 6.808281223423380268e-01 7.317663440935754382e-01
1.099422757391830707e+00 1.107359439351947472e+00 1.004926861220809320e+00 1.035647995882559291e+00 1.031227934420744674e+00 1.005577405931441737e+00 1.013860321906925099e+00 1.001913117761087380e+00 9.726545470657428361e-01 9.959273494027418572e-01 1.005888784948106185e+00 9.982384578985761259e-01 9.791389289189872391e-01 9.834885435763882633e-01 1.004410181936516988e+00 9.907289613394278938e-01 9.775920760226155526e-01 9.986836620140709941e-01 9.849229179088652142e-01 9.777367750303762595e-01 1.014621845312609238e+00 1.007462465759763282e+00 9.249799673730894067e-01 9.753902060752015490e-01 1.078260666993798633e+00 1.012264449560014823e+00 9.321793940174983861e-01 9.042503461608314419e-01 9.476706024127813377e-01 9.635253373532376431e-01 8.726911129575891657e-01 7.421340199553403405e-01 7.736147837147271389e-01 7.432312081723319031e-01 7.231029267685495920e-01 7.697410433561872045e-01 7.593940874974696165e-01 7.785219095092794639e-01 8.438152608498485918e-01 9.518554922918195382e-01 9.130358131030378299e-01 7.869303265838067940e-01 7.508731602349816292e-01 7.525090567297180177e-01 7.626410408397814589e-01 7.835174984510664409e-01 8.391247940411192818e-01 7.548810737818779648e-01 7.935662735300123005e-01 9.160833063954577637e-01 9.381797730678603786e-01 8.222743814395127027e-01 8.017418926972196269e-01 1.032585778816493383e+00 1.123839361419682437e+00 1.011731751991770567e+00 9.644551025648198106e-01 1.005432790296298506e+00 1.002374980752281486e+00 9.341245016762427245e-01 8.674874355479683663e-01 8.408927320369574687e-01 8.982812629369141266e-01 8.673366787040855952e-01 7.823701505705632497e-01 5.779162610659998034e-01 7.244677075249177367e-01 9.096635820512268822e-01 8.147929969028786523e-01 8.042987609965907003e-01 7.910528301662008710e-01 7.423833431536615013e-01 8.164481486999142223e-01 1.044015501069616159e+00 1.211170296193326834e+00 1.082549116256669608e+00 8.508008342576389715e-01 6.806066781320478931e-01 7.712054450296068620e-01 9.637752287811301999e-01 9.390054803561610486e-01 8.761340584358849881e-01 9.248616640296855040e-01 1.045618000083395005e+00 9.635936038246692981e-01 7.748417086974183077e-01 7.157846630558932777e-01
1.086781976464159527e+00 1.084271581672237028e+00 1.088505838945023063e+00 1.022785623461070603e+00 9.949948643297001905e-01 1.031255914856357370e+00 1.019303601316890795e+00 9.872766219243740426e-01 9.862602171569005982e-01 1.024694683003807949e+00 1.004482237753741680e+00 9.673008474424130698e-01 1.003662252278333167e+00 1.051335886046372403e+00 1.025339242700189724e+00 1.002182709816498374e+00 9.986836620140709941e-01 9.887050981952163475e-01 9.811101178169772119e-01 9.706849721535365516e-01 9.942781920850678468e-01 9.611890626355635847e-01 9.384093814882981111e-01 9.992101507983354169e-01 1.028772917895007577e+00 1.002646990488122558e+00 9.169234429274202292e-01 8.660995830648313687e-01 9.227991751283137756e-01 9.497014758637705167e-01 8.606154246504548189e-01 7.534095330031891358e-01 7.301659869311756257e-01 7.417243367333830051e-01 8.062649212221789652e-01 8.552013363736711282e-01 8.112810624246376001e-01 7.548199114686021671e-01 8.428015066891599849e-01 8.798177303376812919e-01 8.461770542582834898e-01 8.398786456240067144e-01 8.352977282039654172e-01 8.115868312200408274e-01 7.544819533396064370e-01 7.301939300347197737e-01 7.666422964687082953e-01 7.792466124881202161e-01 7.899677073893536239e-01 9.351329073941704317e-01 9.524937984225966270e-01 8.550495275798120076e-01 8.749573541074123773e-01 1.111415688956376657e+00 1.147257103265626688e+00 1.095108071990323895e+00 1.076320706795951265e+00 9.549569255642241794e-01 9.855256589484839846e-01 1.187629874809115194e+00 1.101589539564985509e+00 1.018301895830686643e+00 9.646345515360318368e-01 8.189002739771780170e-01 6.581989669065581028e-01 6.661613798004437648e-01 6.918935468504902042e-01 8.210843540182334310e-01 8.524901291342578125e-01 7.719219291850750730e-01 8.384198196369131439e-01 9.191520360349929586e-01 9.946924885252311777e-01 1.126880987338158002e+00 1.159809179962478121e+00 1.026849325891914910e+00 8.762822699240525592e-01 8.101413167920054059e-01 8.134860672527780556e-01 9.133197146600573468e-01 1.047556860767387299e+00 9.951803084958579237e-01 9.402208783316500229e-01 9.115198610444794625e-01 1.076618774550246460e+00 9.786901985646970781e-01 8.262346206671659088e-01
