9.974858113793125813e-01 1.006919813138598796e+00 1.016650310456661543e+00 9.835065584362187030e-01 9.811662252653455818e-01 1.019755026018491106e+00 9.637057032310369920e-01 9.373805284686683725e-01 9.570643719105420555e-01 9.531792667155601917e-01 9.436693077526078222e-01 1.003553374793086261e+00 9.401627393421253531e-01 9.243194764345509240e-01 9.947503120049629999e-01 9.544831821511693404e-01 9.118105467951910237e-01 9.943481590819083227e-01 9.999261507456795872e-01 1.028945616700250421e+00 1.038170288642589645e+00 1.058557579730145637e+00 1.036775566156414641e+00 9.935329825736933795e-01 1.009002634817405042e+00 9.882928490656179843e-01 9.184577714536287241e-01 1.027885737670147570e+00 9.690453757498517229e-01 8.584033679906444281e-01 8.075221556017931901e-01 8.782886939947829319e-01 1.051017404803239685e+00 8.862181614232665927e-01 8.562245872819840287e-01 8.730497682120273994e-01 8.907993178892200659e-01 1.107628884986855855e+00 1.059319508354227057e+00 9.605884608162561511e-01 8.575190684214356596e-01 7.341822466261278546e-01 9.483727100416891043e-01 9.449586580697125759e-01 1.092922218843960014e+00 1.119052115863713448e+00 1.020739481264062887e+00 1.027528342559705932e+00 1.037728082799710405e+00 9.518841204281704993e-01 7.589671006588059043e-01 9.562811003255462516e-01 9.518991354279097150e-01 8.666028731158986753e-01 1.136642654653014617e+00 1.027519420937844430e+00 1.142161931784485995e+00 8.973737527700180738e-01 9.163986465412194971e-01 1.152231287882094168e+00 1.101997610087786850e+00 9.595021957368998766e-01 1.095433291380582430e+00 9.875309895878121580e-01 9.512076606249875166e-01 1.179480229727595475e+00 1.231095641162765819e+00 1.319975035612962033e+00 9.806429331270968275e-01 7.575339302419640264e-01 8.459705385816561618e-01 7.648741353498554885e-01 6.228046394494040072e-01 8.036288998887137769e-01 9.160312362682381249e-01 8.250983685044916971e-01 7.797010978220859645e-01 8.188233620825933201e-01 8.953634704120361221e-01 9.546030375554939162e-01 1.140405863757400606e+00 1.160095638119830408e+00 9.850966284514812710e-01 1.007920450941784063e+00 1.145604860293944371e+00 9.650878116682695129e-01 7.578783940613965653e-01
1.006919813138598796e+00 1.016298326998432922e+00 1.010837903590011466e+00 1.003592231502553833e+00 9.939190457107119903e-01 9.899196490438124663e-01 9.872932565245445824e-01 9.608400510497447922e-01 9.404525481433416711e-01 9.816776559924066392e-01 9.438076841499695169e-01 9.663128048322080499e-01 9.771112881715484644e-01 9.479455300849886079e-01 9.701951594470077378e-01 9.683126657605135579e-01 9.587442101831394892e-01 1.050391413065509649e+00 1.103637325793935142e+00 1.009214187171312505e+00 9.948879366574793215e-01 1.047628744743988483e+00 1.064319289590279105e+00 1.032326301290152237e+00 9.741281767138055825e-01 9.264318301623141183e-01 8.925639494109413041e-01 8.824701159471520784e-01 9.578348136397385471e-01 1.004769915444693407e+00 9.970148986934935786e-01 8.999555908551402084e-01 9.618123560449892695e-01 9.795790008215778943e-01 1.042096300498413397e+00 1.048577904473269262e+00 9.064760526705998300e-01 9.787209491275725703e-01 1.061914381374377214e+00 1.040024600003563338e+00 9.661307333557455079e-01 8.825622680834707134e-01 1.085176050088491717e+00 9.371562946165481467e-01 1.048141007860608598e+00 1.072355261032168716e+00 8.896487584449004338e-01 9.658087089680867932e-01 1.060905280860293010e+00 8.762132172701998511e-01 7.736753876207151936e-01 8.059507151162517147e-01 8.962061783996750908e-01 1.292655035916433270e+00 1.193849366344876373e+00 9.244371788759998543e-01 1.055830882762117673e+00 8.852871963513546660e-01 9.935703815953321749e-01 1.141768021853741155e+00 1.008346323490185714e+00 9.442692044420321063e-01 9.490860699810073076e-01 1.028313353840399902e+00 1.014414116418228540e+00 1.096998601751058677e+00 1.279412934738690888e+00 1.308752460745977952e+00 1.095646239793392374e+00 9.531004480823638270e-01 8.734245985050406169e-01 8.549795569701325038e-01 8.039439724437448254e-01 7.433609211774406811e-01 9.573095942663263358e-01 1.016072369652520457e+00 8.932104492434407295e-01 8.266838888057956858e-01 1.013492255754123050e+00 9.083572534347832406e-01 8.111682372418701492e-01 1.034627585564529717e+00 1.268083549802506260e+00 1.147558733787814367e+00 1.043095355804093627e+00 8.566668294779512527e-01 8.695302507003558334e-01
1.016650310456661543e+00 1.010837903590011466e+00 1.002370041198380690e+00 9.987648273456488646e-01 9.894328851887237430e-01 9.999882855510453528e-01 1.009506251427498391e+00 9.595131379899712876e-01 9.584015678291214480e-01 9.789410605560944223e-01 9.819185496341047426e-01 9.784990848834611565e-01 9.627428444658155948e-01 9.344473190688348252e-01 9.547948730122661765e-01 9.662952492630555446e-01 1.010414350631665847e+00 1.061688076887960630e+00 1.090256966294687047e+00 1.078033525715592633e+00 1.025753493603973387e+00 9.988491455662198426e-01 1.021052252814364403e+00 1.011962544478545611e+00 9.953629660363939591e-01 9.606831236931127060e-01 8.679977030358484447e-01 8.721109309727544945e-01 1.018530708221790260e+00 1.110748763909864101e+00 1.032065016041868510e+00 9.316294195691481317e-01 9.156545492170690137e-01 9.296999101026359735e-01 9.981451212320207045e-01 1.081042118956957454e+00 1.037651673972578514e+00 9.446958306462354127e-01 9.777629094514969088e-01 9.513614836604482594e-01 9.022424372417923166e-01 1.006326293936638194e+00 1.010887818254879056e+00 1.055003552058781047e+00 1.070878437464917621e+00 1.039812795579557969e+00 8.807581094800597254e-01 7.868047945232743423e-01 7.409504586911542789e-01 7.036055070936582112e-01 7.780199090537389672e-01 8.735913768246205136e-01 9.855191560271260309e-01 1.059300244179736339e+00 1.009354753450338649e+00 1.049376021776923684e+00 9.457613759928809039e-01 9.165511411899383010e-01 1.001937122460938800e+00 1.064082960959986890e+00 1.013441515898683809e+00 8.869622255846593140e-01 8.561999380011330318e-01 9.534113702484010577e-01 1.102268877231316946e+00 1.097386985514516189e+00 1.249072834313150970e+00 1.337050255216853056e+00 1.104516681772985898e+00 1.037156010117478822e+00 1.151690738744337361e+00 1.186166724229593461e+00 9.949869157048074619e-01 7.345162186511253744e-01 8.378586372362217816e-01 9.206579392374381055e-01 8.374989420472799262e-01 8.077878399807304488e-01 7.533935967514212573e-01 8.141509415183990628e-01 7.372686616053771846e-01 8.758538380256096767e-01 1.318615853536734273e+00 1.529228244109161361e+00 1.074774998230294099e+00 1.066497387735382718e+00 1.213462644050013139e+00
9.835065584362187030e-01 1.003592231502553833e+00 9.987648273456488646e-01 9.946589167398722786e-01 9.991095018751348089e-01 1.012592538280781218e+00 9.875198885143462446e-01 9.473124926060502160e-01 9.729597719494423869e-01 9.991869880967058082e-01 1.012255751557528782e+00 1.047693236165540887e+00 9.665604567196808272e-01 8.991669536463703372e-01 9.347736693239346861e-01 9.588766376962212235e-01 9.484433337771774886e-01 9.684994759098926043e-01 1.001923887110587774e+00 1.039182938288293778e+00 1.030672970167450408e+00 9.954272942286090942e-01 9.869793578060984673e-01 9.568402568148736131e-01 8.732682197282705117e-01 8.245568302749354261e-01 8.321782293312065537e-01 9.203659550545357781e-01 1.040317662429218526e+00 9.828508753966610501e-01 8.850507699364477121e-01 8.219252184121635940e-01 8.580949219719735677e-01 8.739425208837605652e-01 9.336094411614888067e-01 1.055978546200325052e+00 1.091829856884670935e+00 1.073881643261733965e+00 1.101794396224226702e+00 1.049461229714586441e+00 8.781131475985574086e-01 1.051776530719791714e+00 1.136649402719771773e+00 1.015075618868315876e+00 9.862286800019460786e-01 9.810222007689379797e-01 8.391441614954362471e-01 6.895505311628060685e-01 5.531812115915936134e-01 6.665225961876273253e-01 8.634423540918182427e-01 9.990681517485561214e-01 9.889231200733011873e-01 8.265582706078310471e-01 8.070539941899640413e-01 9.942937803831477517e-01 9.173616388651579800e-01 1.001677134238129208e+00 9.809519838209923570e-01 9.926845751432323839e-01 1.213951957174992824e+00 1.014662396361147634e+00 8.703592018714956247e-01 8.394766082895762649e-01 8.295941641161671543e-01 8.245436333023111741e-01 1.078163736436674514e+00 1.233658081744916313e+00 9.927276293516255068e-01 9.078942768091897708e-01 1.028471856776506987e+00 1.160362560993706937e+00 1.020533053074697438e+00 9.548416298202030417e-01 7.529655456233351751e-01 8.904891278215127937e-01 9.451215229188943967e-01 8.119278550089217283e-01 6.250938606072321546e-01 6.469440102354616640e-01 6.803358262641953091e-01 6.569451639099658236e-01 1.025140318199176725e+00 1.036145239940074125e+00 9.783604138821002660e-01 9.132192549587295760e-01 1.012301944655664476e+00
9.811662252653455818e-01 9.939190457107119903e-01 9.894328851887237430e-01 9.991095018751348089e-01 1.003752087387466130e+00 9.942722487515064378e-01 9.867467769289859358e-01 9.753969035531039333e-01 9.866767250895848163e-01 1.019263957402940068e+00 1.003300215386862204e+00 1.015219208094750636e+00 9.931217331683499516e-01 9.582736970189180692e-01 9.374926615856651324e-01 9.558451329929984475e-01 9.570726773380648922e-01 9.984085280542168706e-01 9.547028673643686014e-01 9.704158660587662855e-01 1.030668518746169271e+00 1.014191508269689734e+00 1.017571685542561166e+00 9.761351050409884378e-01 9.567088142097377457e-01 8.724348820405849469e-01 9.157373309638220382e-01 9.376913133416295842e-01 9.349925322858293475e-01 8.815683281364167234e-01 8.514603077317466351e-01 7.997638473927183300e-01 8.883653804124862496e-01 8.408291082691707885e-01 9.301985574265054790e-01 9.087107202769908465e-01 9.133763415380101724e-01 9.818543782959904265e-01 1.053382790763228272e+00 9.995973873925055875e-01 8.774332585293102005e-01 9.633248231138948903e-01 1.056135895182928719e+00 9.696247647805285030e-01 9.771445683482308242e-01 8.508874527122897158e-01 7.958667116852027323e-01 6.758958289014689313e-01 6.830161165492306674e-01 7.442638866768560568e-01 9.101624343237708636e-01 1.007826518325336318e+00 9.749871939910349505e-01 8.265116733389445969e-01 8.056330939550723214e-01 1.090686797607778313e+00 1.002804852194393526e+00 8.423280576663900732e-01 7.360886069438444812e-01 8.464448619962667841e-01 1.120459988717567912e+00 9.747854222424927606e-01 8.814992810117497912e-01 8.228083480653179960e-01 8.587260040727850985e-01 1.005135848093008377e+00 9.185203435824056406e-01 1.002375344459768280e+00 8.754851540742026872e-01 7.600040479138114868e-01 7.162513728580595096e-01 8.194077649555273624e-01 9.558088044152232010e-01 9.000962802656626849e-01 8.722260023060884881e-01 1.028552180115148040e+00 1.121958475756438256e+00 9.547802156662927864e-01 9.824251369459345851e-01 7.432334774929397758e-01 7.027624830466610018e-01 8.908555126065078600e-01 1.086210106802599773e+00 1.137448153767064429e+00 7.411084518976350788e-01 6.435732493137591437e-01 6.606144128523216974e-01
1.019755026018491106e+00 9.899196490438124663e-01 9.999882855510453528e-01 1.012592538280781218e+00 9.942722487515064378e-01 9.756588395504777189e-01 9.813704364124015145e-01 9.905549351833441429e-01 9.862122347394404187e-01 9.983257146133858173e-01 1.014295911127207628e+00 1.007361257594279191e+00 1.006415961798687864e+00 9.892728374271059222e-01 9.480104004621293656e-01 9.448554146775945961e-01 9.901537815283096844e-01 9.890400056600894274e-01 9.606595445652996723e-01 9.815416491844053404e-01 9.982709583292785904e-01 1.047288424383307603e+00 1.096196793712738149e+00 1.014739667025761349e+00 8.937853809463506272e-01 9.244438183798096009e-01 1.029768333211551923e+00 1.096032811262785067e+00 1.052237183329480796e+00 9.246459099950040672e-01 8.702269593818728888e-01 8.738951653538117315e-01 9.276434213936688433e-01 9.175739045679771611e-01 9.034242964979072310e-01 9.184297034035089347e-01 8.648867737226191288e-01 8.583777464814634772e-01 9.517865824013207465e-01 9.418016324130434880e-01 8.998523824596527110e-01 9.144352842542833315e-01 9.284282404428707558e-01 8.509760003793283012e-01 8.681392141487408454e-01 8.497823422929874360e-01 8.954524374373644680e-01 8.575554999294489056e-01 7.932115282659196742e-01 7.333370624408763749e-01 7.493746785632870999e-01 9.632906718566240922e-01 1.054523486922294806e+00 8.796033312730571208e-01 7.992446577904797067e-01 8.574176174436672904e-01 9.647627538054593943e-01 6.952173082477320909e-01 7.276392467925258956e-01 9.904278844297101925e-01 1.067043722341880940e+00 1.018170912677628381e+00 1.002511141604947920e+00 9.830322292997887290e-01 9.946892043859777433e-01 1.110476172994286470e+00 9.811273977077349384e-01 1.009152114381248744e+00 8.877998115778620303e-01 7.416673011397216797e-01 6.175021211669982080e-01 7.320085696158317168e-01 9.028334635620237636e-01 8.125654080247414202e-01 1.036613222653848476e+00 1.118647766595056270e+00 8.640935974846377654e-01 1.055778336971329834e+00 1.019130972660020840e+00 7.349468835856913795e-01 9.968117477012869987e-01 1.416720827152427420e+00 1.472231432440774590e+00 1.328578394817137021e+00 8.819972027292767303e-01 7.495296863316712743e-01 7.364464726594639465e-01
9.637057032310369920e-01 9.872932565245445824e-01 1.009506251427498391e+00 9.875198885143462446e-01 9.867467769289859358e-01 9.813704364124015145e-01 9.800822915289842951e-01 9.953959589701352195e-01 9.830708324828454359e-01 9.811503200526320301e-01 1.009781718976108023e+00 1.038157027644693864e+00 1.053970835557634267e+00 1.021548348291292818e+00 8.930323415245765561e-01 9.089997944137530039e-01 1.001781815559190436e+00 9.617757564470121867e-01 9.443929933056424142e-01 9.834011943788549814e-01 1.042955087727470698e+00 1.072592342783916575e+00 1.028943987578546215e+00 9.995823056168191556e-01 9.140239798267625337e-01 9.841272507373526324e-01 1.066247304681577024e+00 1.096019112971432508e+00 1.059536500826522287e+00 9.454225875985443617e-01 9.290349135126382274e-01 9.705202434827786551e-01 9.007099756588620165e-01 9.188328504064289248e-01 9.839687564465313674e-01 9.816769610862872142e-01 9.250145183024806039e-01 9.373724703700828664e-01 9.885107683089513486e-01 1.060875474009493225e+00 1.060883124925627197e+00 9.302734969772492590e-01 9.199375226188705179e-01 8.355364945095461460e-01 8.999998169186007591e-01 9.216429438065613100e-01 8.597856361664786284e-01 8.555336065325048756e-01 8.554516307037084433e-01 7.630198804741891161e-01 7.093809892343317935e-01 8.846115468949984351e-01 1.032253650526900657e+00 8.948787512546982903e-01 6.908958973122240055e-01 7.657593652636813797e-01 7.846442970583014098e-01 6.950899469300573230e-01 8.580084113527461920e-01 1.113836094504231600e+00 9.570430710190699353e-01 9.232225176079343898e-01 1.133656389105927920e+00 1.171398790957152825e+00 1.214397745605936052e+00 1.085565980894932059e+00 9.117150143564343168e-01 9.350467891326985637e-01 1.002686049171835903e+00 8.514830537675247557e-01 7.273338699264910723e-01 7.809042655061277927e-01 9.177273819437314906e-01 8.285803777531187686e-01 9.294391590231949607e-01 7.475356574646307983e-01 7.204965656195178036e-01 8.589072257476896288e-01 9.197226320337447136e-01 1.122952234451663589e+00 1.093472996976593281e+00 1.110805767789816656e+00 1.466762909386793767e+00 1.419405852585716055e+00 1.108126284152354923e+00 1.086698022189727109e+00 9.869336613909507339e-01
9.373805284686683725e-01 9.608400510497447922e-01 9.595131379899712876e-01 9.473124926060502160e-01 9.753969035531039333e-01 9.905549351833441429e-01 9.953959589701352195e-01 9.983579774235858961e-01 9.966919223866539390e-01 9.859238607216245232e-01 9.993141289990888909e-01 1.029272699652553857e+00 1.002539382866750151e+00 1.002307620003674682e+00 9.505415876274784237e-01 9.617657989177306188e-01 1.015311744820486251e+00 9.654626998120205972e-01 9.822984697501366824e-01 1.034787126080866315e+00 1.019385240743264198e+00 1.019176696701706408e+00 9.498763857267696897e-01 9.853472126857349966e-01 1.016923358544630673e+00 9.633789261541573223e-01 1.010901798857101630e+00 1.021887155694915172e+00 9.846405368943718095e-01 9.263209580253982667e-01 8.972248310057320264e-01 1.028919765431557609e+00 9.158087575126919733e-01 7.832967570653084355e-01 9.607008302649171494e-01 1.085552431611089830e+00 1.082688080492550942e+00 9.873868061824867537e-01 9.560492799148935239e-01 9.734285718962054634e-01 9.624322127789912695e-01 1.015238334216963967e+00 9.457581380909683144e-01 9.271747827700709266e-01 9.370543786258379582e-01 8.134082017829797895e-01 8.129043951762021658e-01 8.721486603153214556e-01 8.234623010454792391e-01 7.171310946137033904e-01 7.571916224258002925e-01 8.443320414471980895e-01 9.226904536257282130e-01 9.838036541279961966e-01 8.183658269059205237e-01 8.153887332473739313e-01 9.212432360002674736e-01 1.022045799837357771e+00 1.114355447936673515e+00 1.184712236623628012e+00 1.110306302813100832e+00 9.580959973028992938e-01 1.167760026506818205e+00 1.096659531430152379e+00 1.117828674595875205e+00 9.311369500508448471e-01 8.941562245462284508e-01 1.202993981945892132e+00 1.141674381720458209e+00 9.425952671596178334e-01 8.787260372581529033e-01 8.422308462053771372e-01 8.196527231057337826e-01 8.085175927560575015e-01 8.207260129912368196e-01 7.263646774255303473e-01 7.153929721415966947e-01 8.068615752795398333e-01 9.819621615827981431e-01 9.090526253520881950e-01 9.338600770640548276e-01 1.002790355668989664e+00 1.209642329975528785e+00 1.392997687950205732e+00 1.184983888162979948e+00 1.035081880460213100e+00 7.917814043596563822e-01
9.570643719105420555e-01 9.404525481433416711e-01 9.584015678291214480e-01 9.729597719494423869e-01 9.866767250895848163e-01 9.862122347394404187e-01 9.830708324828454359e-01 9.966919223866539390e-01 1.006837572617234056e+00 9.995275678189993185e-01 9.904248494509841905e-01 9.913258061967014090e-01 9.921566079022455797e-01 9.972038120274847595e-01 9.929550296503991680e-01 9.880462929361366609e-01 9.710080403204324195e-01 9.888604466273861471e-01 1.077604235386736109e+00 1.073407985870639569e+00 1.016832757905187679e+00 1.018903696076442822e+00 1.000395229924665896e+00 9.472419129270869265e-01 9.264872389347682535e-01 9.453220465915671555e-01 1.016067774726223005e+00 1.029728723113902511e+00 1.032956371721700517e+00 1.023697237219871603e+00 8.376421222572473235e-01 8.804918081516138750e-01 9.475226904939572092e-01 8.699652155165730205e-01 8.885810517334845615e-01 1.001817379855844736e+00 1.045040229282379274e+00 1.025546184115353032e+00 9.366262839324013267e-01 8.775876547365856206e-01 8.945217808061860509e-01 9.636929916944746433e-01 9.671484510166163950e-01 8.808095672087468131e-01 7.395212672214273031e-01 6.663545624408464541e-01 7.938450209275474956e-01 8.308430341303589817e-01 8.310635906676590023e-01 8.076887729908432956e-01 8.243490148205278034e-01 8.495209621676805822e-01 9.064232487877950106e-01 9.453264429525380930e-01 8.636785111411623417e-01 8.494718740819791059e-01 1.091709056559099000e+00 1.050488233135361993e+00 1.138672076693197921e+00 1.284849842711729195e+00 1.154575922501730689e+00 1.012125261539859933e+00 1.059823427868715306e+00 1.217190842614196633e+00 1.017234794415499799e+00 8.847881700057852461e-01 9.242574184228885548e-01 1.058621051208044506e+00 1.073248500257346638e+00 1.018662446119342091e+00 1.065827300132047961e+00 9.663805449110358659e-01 9.095125649960983383e-01 8.455418511480525812e-01 8.584763706582779763e-01 9.484218102636781111e-01 8.439939919685460756e-01 8.192419789237489480e-01 8.392095061537685474e-01 6.998172654499363876e-01 7.751901016171421910e-01 1.029022307531655578e+00 1.151135456354737574e+00 1.043434042671978146e+00 1.031455065403998450e+00 8.805865482631051178e-01 7.112449281095817311e-01
9.531792667155601917e-01 9.816776559924066392e-01 9.789410605560944223e-01 9.991869880967058082e-01 1.019263957402940068e+00 9.983257146133858173e-01 9.811503200526320301e-01 9.859238607216245232e-01 9.995275678189993185e-01 9.936659813499471028e-01 9.846997812694399110e-01 9.872566103116907632e-01 1.007746162994691996e+00 1.017357492612833925e+00 9.677592706034815473e-01 9.499579604620613793e-01 9.431503607266349398e-01 1.006364513016403839e+00 1.066215620199316483e+00 1.068953112510097725e+00 1.034515403410473544e+00 1.028567971399815706e+00 1.015131002982513131e+00 9.128724612785359405e-01 9.265234297937736674e-01 9.919589101668355724e-01 1.044092376027853097e+00 1.023668480274328996e+00 1.075723510356898061e+00 1.088839562503412184e+00 9.752381803795114878e-01 8.690570601085106928e-01 9.628908090428295319e-01 1.012197499717494731e+00 9.432667362473418082e-01 9.897863973824414519e-01 9.989410090491980254e-01 1.065938996167972608e+00 1.068961466781498615e+00 9.390855897775208794e-01 8.145929971340502007e-01 8.100134859161892686e-01 8.229329896942638722e-01 7.655511668028773808e-01 7.323027975813035662e-01 8.014391691803188777e-01 8.121314630796637735e-01 9.630905009397494609e-01 9.709633943712191462e-01 9.159936521993228276e-01 8.923989871500193072e-01 8.059079370336199588e-01 8.457383775674246484e-01 8.805421031616249561e-01 7.170952014439261335e-01 7.039000338739646034e-01 8.912762497728309308e-01 9.715940286761307609e-01 1.074227569923020820e+00 1.183906269412642098e+00 1.016237773418710466e+00 1.017182447166648407e+00 1.067741825013946544e+00 1.083576562343311789e+00 1.029201242411995176e+00 9.980633485298454621e-01 9.583829054975819828e-01 9.610786389712390188e-01 1.109325340312427022e+00 1.076334629660169018e+00 1.132638153591198460e+00 1.137079120832095613e+00 9.649614214841427673e-01 7.952041357612179562e-01 9.890906383774654698e-01 9.362488366097102555e-01 9.174783745748555930e-01 9.687304224017397880e-01 8.547757173334058489e-01 8.845825209155491198e-01 9.969186000064725883e-01 1.328455409151347189e+00 1.413289581182371579e+00 1.089047841976346742e+00 9.291052008546761831e-01 8.444005324232349841e-01 6.765091179854587633e-01
9.436693077526078222e-01 9.438076841499695169e-01 9.819185496341047426e-01 1.012255751557528782e+00 1.003300215386862204e+00 1.014295911127207628e+00 1.009781718976108023e+00 9.993141289990888909e-01 9.904248494509841905e-01 9.846997812694399110e-01 9.873512107201571908e-01 9.812124392524008698e-01 1.004030195228378330e+00 1.043936333259668503e+00 1.002212477338013663e+00 9.589562515904366258e-01 9.786011525039849390e-01 9.852188888407217293e-01 9.622639879179769595e-01 1.043944046624553312e+00 1.038345444944365870e+00 1.036897300189260074e+00 9.292281507499958737e-01 9.074563413514319388e-01 9.984363089247328960e-01 9.580678584593171898e-01 9.308241937641174024e-01 9.655193568870339416e-01 1.046220200786878385e+00 1.066644417773045861e+00 9.990570102374176642e-01 9.272503954183475283e-01 9.149399138402503073e-01 9.423570813792113698e-01 9.956794651954998798e-01 9.661640686283355928e-01 9.697416262188242042e-01 1.057052876307312372e+00 1.032938946508312972e+00 9.960217854345181365e-01 8.840706963274079788e-01 8.503237917059627282e-01 8.040506461215096712e-01 7.762741381668760710e-01 8.331424584176206904e-01 8.979106721881749964e-01 8.802045200813539694e-01 1.062988833239994602e+00 1.025152235217491992e+00 8.443007984015586942e-01 8.100455996863534791e-01 7.826092823888345373e-01 7.429836879838005448e-01 8.229621958375031854e-01 8.228999514043037200e-01 7.583960766236691464e-01 8.153981108000726286e-01 9.501395658780491527e-01 8.901044384417764466e-01 9.243846359065076568e-01 9.539955841257954372e-01 8.195372232264480639e-01 1.009705819248765568e+00 9.939751551644140370e-01 1.050867795927524329e+00 1.079117568059895893e+00 1.153529714437416365e+00 1.080307038542894560e+00 9.529917668405987197e-01 9.241079273382674097e-01 1.110512935192777606e+00 1.006334240686122872e+00 6.926310788404709262e-01 7.520453111193144968e-01 9.106819469963566283e-01 9.297229770736209487e-01 9.287618160014551316e-01 1.052405938183891054e+00 9.947025023766946639e-01 9.433724639167950787e-01 1.016274962408521443e+00 1.271305048011121208e+00 1.480095406065899732e+00 1.103035577995122640e+00 1.039294390592849560e+00 8.991988999263025306e-01 7.292923918513436465e-01
1.003553374793086261e+00 9.663128048322080499e-01 9.784990848834611565e-01 1.047693236165540887e+00 1.015219208094750636e+00 1.007361257594279191e+00 1.038157027644693864e+00 1.029272699652553857e+00 9.913258061967014090e-01 9.872566103116907632e-01 9.812124392524008698e-01 9.842982275121290314e-01 9.845280868261745422e-01 1.014505119189867077e+00 1.019343674834328084e+00 1.003079262967562668e+00 9.973859867916045063e-01 9.533863403282926141e-01 9.435144320130366413e-01 1.016941602720620397e+00 1.019091100903778857e+00 9.749968550558268943e-01 9.612303066567228216e-01 9.645091796478015844e-01 9.563567233202081574e-01 8.986502620208199898e-01 9.055504359764394717e-01 9.134011585369282704e-01 9.751560050209909791e-01 1.005800492645125610e+00 9.878711754468083583e-01 9.483640986180746912e-01 9.392958549049652550e-01 9.660990792629597923e-01 9.253110326257657503e-01 1.017037920135688722e+00 1.071275684154778363e+00 9.946442615246773311e-01 9.193438093072825446e-01 9.776352639578831383e-01 9.232922066940388861e-01 8.654173308716498481e-01 8.399695662348275471e-01 8.432644817506451673e-01 9.367401711266205577e-01 8.612336921308874071e-01 9.808997991588179755e-01 1.135303006606076304e+00 1.003978045081892700e+00 8.032887276084101913e-01 7.388218071430135980e-01 7.692924035372836755e-01 7.871194069080150735e-01 8.474736237769514569e-01 8.626867078380574538e-01 8.476890891943859030e-01 8.839400524784777335e-01 8.619335160567020981e-01 6.470554050108691113e-01 7.138597705513540781e-01 9.233093810085076791e-01 8.912225214300024678e-01 1.037882262695618341e+00 8.981302162593192140e-01 9.539490668725904010e-01 1.141571871794619719e+00 1.256455290965033278e+00 1.104635882640029543e+00 8.858893078588144787e-01 9.741231813849000609e-01 9.323392622006776431e-01 7.604671577767139201e-01 6.208777348860944345e-01 6.978817522376570270e-01 8.197124437748356529e-01 9.928351282659387822e-01 1.054223301434283888e+00 9.396355603193469186e-01 9.199557331956695894e-01 9.439152933786327804e-01 9.806892097304955591e-01 1.124862596514841107e+00 1.220132644034723102e+00 1.136649631617212775e+00 1.108732567427709759e+00 8.403921808533574289e-01 5.996550678793143296e-01
9.401627393421253531e-01 9.771112881715484644e-01 9.627428444658155948e-01 9.665604567196808272e-01 9.931217331683499516e-01 1.006415961798687864e+00 1.053970835557634267e+00 1.002539382866750151e+00 9.921566079022455797e-01 1.007746162994691996e+00 1.004030195228378330e+00 9.845280868261745422e-01 9.873277733251957233e-01 9.972601545250067145e-01 9.957732243717944964e-01 9.897273189212665301e-01 9.939399873078578196e-01 9.701739477024067249e-01 9.565136988664934004e-01 9.697693503889117661e-01 9.788754856494952250e-01 9.689862728972976624e-01 9.889183251470344826e-01 9.644888296233479208e-01 9.435249510298420184e-01 9.277865548528302364e-01 9.341259781423572051e-01 8.890869557661656986e-01 9.097159425979167713e-01 9.223356046208792680e-01 9.576647346986607579e-01 9.887146309505340236e-01 9.706756203486397450e-01 9.902334177909629664e-01 9.059929613810273619e-01 9.966727200454760238e-01 1.018277639501270260e+00 8.788456867297601560e-01 9.848901454068799133e-01 9.790208354480668396e-01 9.242132947273944410e-01 9.488844244750357371e-01 9.125762618844749374e-01 7.947980685884391550e-01 8.613394111655090502e-01 9.216363803352756179e-01 9.369665187973656995e-01 1.073703391289146269e+00 1.054551845627956341e+00 9.068833223325671877e-01 7.825695766031074418e-01 7.073838261791240978e-01 8.794697422056608760e-01 8.416145428098362746e-01 7.210975895725041385e-01 7.062444522696988969e-01 8.757213294145762550e-01 8.399655789395182870e-01 6.515354596388609476e-01 6.698786370198005491e-01 7.754955594433835531e-01 7.403019647687961724e-01 7.113810545284096065e-01 7.307838858046049602e-01 9.240507692615804736e-01 1.133039516777403222e+00 1.050183332809019321e+00 8.954663184175407631e-01 9.000515606718766382e-01 8.794102995902964848e-01 7.778572345342801286e-01 7.469619917426189026e-01 6.780212786006961645e-01 6.910020062059754054e-01 8.188367540574884584e-01 9.548374385394319264e-01 9.972855550418755488e-01 1.057039231414601099e+00 1.009578441396783433e+00 1.124292089996529631e+00 1.001831350010819577e+00 1.003713163838653832e+00 1.066617073210590405e+00 1.136701037984188201e+00 1.046485308188035201e+00 8.886901514059835083e-01 7.634004373034433133e-01
9.243194764345509240e-01 9.479455300849886079e-01 9.344473190688348252e-01 8.991669536463703372e-01 9.582736970189180692e-01 9.892728374271059222e-01 1.021548348291292818e+00 1.002307620003674682e+00 9.972038120274847595e-01 1.017357492612833925e+00 1.043936333259668503e+00 1.014505119189867077e+00 9.972601545250067145e-01 9.791183077726461903e-01 9.888047426413639762e-01 9.917162436475349674e-01 9.905333345505168419e-01 1.014935949175962193e+00 1.008925316819628160e+00 9.607987224372422919e-01 9.623030777037130390e-01 1.003498199267808033e+00 1.016138911825909208e+00 1.021556782313940648e+00 9.929480631745943864e-01 9.484656831345199546e-01 8.851323087654680011e-01 8.800167176650165457e-01 9.206916566890448461e-01 9.462654588928450794e-01 9.141754240112613950e-01 1.006513340100400278e+00 1.036692861931652221e+00 9.759991598233977994e-01 9.694118983483865915e-01 8.991283003111085748e-01 8.423073504967463210e-01 8.645027473196225110e-01 9.382957933239821635e-01 9.802709661532226226e-01 9.429353799848114726e-01 8.003262844770673290e-01 7.943686929048611178e-01 7.938681307914825513e-01 7.375849232326570082e-01 8.773929163198641579e-01 8.733138315109816308e-01 9.417091471157088556e-01 9.881213987513833841e-01 1.078065805007298206e+00 9.647765883193993863e-01 7.798823999544935992e-01 8.262946982149621533e-01 9.056455693257525752e-01 8.944271487786560337e-01 7.700075102741802402e-01 8.270563051705406288e-01 9.544393795701371364e-01 9.041302755967189908e-01 7.551499594107587976e-01 7.750150442500309822e-01 7.164269083810188565e-01 7.076020608187448824e-01 6.656018003868398036e-01 9.153019555754019487e-01 1.050129791699458082e+00 8.815559655125468907e-01 7.656781868845756733e-01 8.889620308056587206e-01 9.837577973021481847e-01 8.328834867353982485e-01 6.690963858459250124e-01 9.621682311622921091e-01 1.000782757964405079e+00 8.074657919580946475e-01 7.630223567205608459e-01 8.981400471798277607e-01 1.029015992075156705e+00 9.823297959367002230e-01 8.160680145889522841e-01 8.527361148831215099e-01 1.039742846288220335e+00 1.074103854366145194e+00 9.559317360668050378e-01 9.129262247181534340e-01 1.076411676826590780e+00 1.325375231317059921e+00
9.947503120049629999e-01 9.701951594470077378e-01 9.547948730122661765e-01 9.347736693239346861e-01 9.374926615856651324e-01 9.480104004621293656e-01 8.930323415245765561e-01 9.505415876274784237e-01 9.929550296503991680e-01 9.677592706034815473e-01 1.002212477338013663e+00 1.019343674834328084e+00 9.957732243717944964e-01 9.888047426413639762e-01 9.931383598699791149e-01 9.891929222322695114e-01 9.851130970736209358e-01 9.884459771346119084e-01 1.007754899338946020e+00 1.016165857866806244e+00 1.005840290760889877e+00 1.026920741188581232e+00 1.033388008302517980e+00 1.040742118076736000e+00 1.049392450281724898e+00 9.880944156740046891e-01 8.645461888798058325e-01 9.565727655300362287e-01 9.941446735100410992e-01 9.853889006616050050e-01 9.674589969658073940e-01 9.247783519168061295e-01 9.472390811757472884e-01 8.902296474627051648e-01 8.262508981762990423e-01 9.142897620639937051e-01 9.244341936454313347e-01 8.093920316648697266e-01 8.877867543608879419e-01 1.023604213620642245e+00 8.752046616675616120e-01 7.284234691330252476e-01 8.088842940205027698e-01 8.155070500631277364e-01 8.376146299860456335e-01 7.936866829310527116e-01 9.203485930033084017e-01 1.035244318961322740e+00 9.891049588172019513e-01 9.661490600356112957e-01 9.066917479447711425e-01 8.048845528424889428e-01 8.235765421185319290e-01 8.657025386996660687e-01 9.286350753030103711e-01 8.769512605835312336e-01 9.764884694786484243e-01 1.081700288023018652e+00 1.055032827429313258e+00 9.253990838961371201e-01 9.972842556819335735e-01 9.797930662996712226e-01 8.362429899521850452e-01 8.081621592421079914e-01 1.040724176349298258e+00 1.029377807963973712e+00 8.306188952017113936e-01 9.123067471943330231e-01 9.935956424291229050e-01 1.053904038046328484e+00 1.131914626824739978e+00 9.372819728841784714e-01 9.180719471351918015e-01 9.141557824449922931e-01 9.376224472245632269e-01 8.103930404323316239e-01 7.792380390732102091e-01 9.850878686550323948e-01 1.059434837892818448e+00 1.019924165175804642e+00 9.563621772376201813e-01 9.165919941692249884e-01 1.036721383664925611e+00 9.286903075230981131e-01 8.176218459507461622e-01 1.004700410859008519e+00 1.394928239109739732e+00
9.544831821511693404e-01 9.683126657605135579e-01 9.662952492630555446e-01 9.588766376962212235e-01 9.558451329929984475e-01 9.448554146775945961e-01 9.089997944137530039e-01 9.617657989177306188e-01 9.880462929361366609e-01 9.499579604620613793e-01 9.589562515904366258e-01 1.003079262967562668e+00 9.897273189212665301e-01 9.917162436475349674e-01 9.891929222322695114e-01 9.953245709378251149e-01 9.990422078866928457e-01 9.829563055826735507e-01 1.011737204859492367e+00 1.022959121879221112e+00 9.800109887162761213e-01 9.613626842810709672e-01 1.006958394039201510e+00 1.037460589008132983e+00 1.063282023964617240e+00 9.900549791548087786e-01 9.220813996384508160e-01 9.707355980302750931e-01 1.028355047403215039e+00 1.007048539359737704e+00 9.464568827470980494e-01 9.173002080718664075e-01 9.200496282022326833e-01 9.114485433679241355e-01 8.847646847791703628e-01 9.325915562516519097e-01 9.497668814655620961e-01 8.528223036009436875e-01 8.867180316945582064e-01 1.001640858827217873e+00 8.873010707169265432e-01 8.416512985877463437e-01 8.710424707313692005e-01 8.134965264604924196e-01 9.032108918064140068e-01 9.326382479639002687e-01 9.188708627728536804e-01 1.086425918482950115e+00 1.076351078776187853e+00 1.009267122261736871e+00 8.610666579835029033e-01 9.502711905922495150e-01 1.006059193771967619e+00 9.788581845485799793e-01 9.069141561740521329e-01 8.690444580996554702e-01 1.110371479500799508e+00 1.082567004364667573e+00 1.111470213201237511e+00 1.114041473575669183e+00 1.084821631818180920e+00 1.064543474354602282e+00 9.413294298652858938e-01 1.008988142369289687e+00 9.811594472691530511e-01 9.571757360434492989e-01 9.424697778740945830e-01 1.143315132197059603e+00 1.052218565500071534e+00 1.080024783019903456e+00 1.185721258163485503e+00 1.017781874011062682e+00 9.471530818535369711e-01 9.721831327482239882e-01 1.141857952305166846e+00 1.016750415892848869e+00 8.397981722217109368e-01 9.598379377012213887e-01 1.239860433484937685e+00 1.158445055576750704e+00 9.033475819452932987e-01 8.769562746224419669e-01 1.149855333764713272e+00 1.070397334705812886e+00 9.593887321416895153e-01 9.964461817870278182e-01 1.296676076287110790e+00
9.118105467951910237e-01 9.587442101831394892e-01 1.010414350631665847e+00 9.484433337771774886e-01 9.570726773380648922e-01 9.901537815283096844e-01 1.001781815559190436e+00 1.015311744820486251e+00 9.710080403204324195e-01 9.431503607266349398e-01 9.786011525039849390e-01 9.973859867916045063e-01 9.939399873078578196e-01 9.905333345505168419e-01 9.851130970736209358e-01 9.990422078866928457e-01 1.004501489470531750e+00 9.867823382730399606e-01 9.959906826608474484e-01 1.000984135302770195e+00 9.669088762783458746e-01 9.467201208517664890e-01 9.890006353079318080e-01 1.028404775105110414e+00 1.068256914469133401e+00 1.008594501625592166e+00 9.888090668621104529e-01 9.995132245573641327e-01 1.045224882644412157e+00 9.904321750843221306e-01 8.809282619890866917e-01 9.122606614553883109e-01 9.048302862037834737e-01 8.937265658462797413e-01 9.084407608441461557e-01 9.109762597730313161e-01 9.172436370364701608e-01 9.503593075243603749e-01 9.515841110497776922e-01 9.426200248246047186e-01 1.010589061804225253e+00 9.759347675284196777e-01 9.300877577988966305e-01 8.429125821419797271e-01 8.962672370028353930e-01 9.691264001904972281e-01 9.332039644007630308e-01 9.892440099389362418e-01 1.131000598456841644e+00 1.046629630707007985e+00 1.015115990695791170e+00 1.020343650197614860e+00 1.061246301416629789e+00 1.003548426817590933e+00 8.596667367849800678e-01 9.541299512009725481e-01 1.180609937104205365e+00 1.017621521333643031e+00 1.091093630933034797e+00 1.148934410603908551e+00 1.065978189317857705e+00 1.062019738530891599e+00 9.587449140413616400e-01 9.584103780234977110e-01 9.672500454326783403e-01 9.503664708277896889e-01 9.515231203133083238e-01 9.852903756010902292e-01 1.047113002223593048e+00 9.398488974696196374e-01 1.037838757823720481e+00 1.023388847899901366e+00 9.345969965288222214e-01 9.826456342772151853e-01 1.020671281838000155e+00 1.042487489960838953e+00 1.029852616392834319e+00 9.047227303930195363e-01 1.020969944834897225e+00 1.043936521539547080e+00 8.523842298896865399e-01 9.325376749381393271e-01 1.168472404679992582e+00 1.145802134521321625e+00 1.126130572527112683e+00 1.116488625797601664e+00 1.133162430894158579e+00
9.943481590819083227e-01 1.050391413065509649e+00 1.061688076887960630e+00 9.684994759098926043e-01 9.984085280542168706e-01 9.890400056600894274e-01 9.617757564470121867e-01 9.654626998120205972e-01 9.888604466273861471e-01 1.006364513016403839e+00 9.852188888407217293e-01 9.533863403282926141e-01 9.701739477024067249e-01 1.014935949175962193e+00 9.884459771346119084e-01 9.829563055826735507e-01 9.867823382730399606e-01 9.986189100449428535e-01 9.992952517993318740e-01 9.950408644181388818e-01 1.005977111747224262e+00 1.010638144423138041e+00 1.004245201939769627e+00 1.007676078284797105e+00 1.013729364695967305e+00 9.881959613073304505e-01 9.673347260722965357e-01 9.961716288632824767e-01 1.016868818360269211e+00 9.390499466956442332e-01 8.932589061002685904e-01 9.322909990317368445e-01 9.445565617299003236e-01 9.215543671141622761e-01 9.230451127738933392e-01 8.665336676678027095e-01 9.062225311016506302e-01 9.243962167304835553e-01 9.610394086988539586e-01 9.246805854167530203e-01 9.484402040522628141e-01 9.366274889637232759e-01 8.886870666846270472e-01 8.766038650043762592e-01 9.129106584643560396e-01 9.312557355964521388e-01 8.417837772565232024e-01 8.974006700505342549e-01 9.417933349205368510e-01 8.986799274898599199e-01 9.863692973906497130e-01 9.919808682858236581e-01 1.052191637145604819e+00 1.027057769628807682e+00 9.856895360775468351e-01 1.107336500685248915e+00 1.132519480520418620e+00 9.043849857703487594e-01 9.195705986428225343e-01 9.963119022277466819e-01 1.052781452506899695e+00 1.023916909696491739e+00 8.808481564729813140e-01 8.960162212073773391e-01 1.059456616246827965e+00 1.059271554712737151e+00 8.194569985096854525e-01 9.020201427054745924e-01 1.012470775049999716e+00 9.552232173384513914e-01 8.169544761338446426e-01 7.942675723999133020e-01 8.540390450812030965e-01 8.827713829357872743e-01 9.778216996296937857e-01 1.139213268513763033e+00 9.732598076266357756e-01 8.384683157783170415e-01 8.221111956738318405e-01 9.848773925120538619e-01 9.848575732200798294e-01 1.013836053580458918e+00 1.038531892422891678e+00 8.789654264134659778e-01 8.935248866893351627e-01 1.022173012308273732e+00 1.079758206802636566e+00
