1.001175982418414208e+02 2.724184801421433821e+00 1.002518384168511689e+00 9.347327587802212179e-01 8.944698756667031070e-01 9.161860866861526453e-01 9.097554402361593962e-01 9.252700084867174768e-01 9.071579945065468831e-01 9.122553977396903324e-01 9.324126990113085212e-01 9.394367831789975920e-01 9.558465373258996367e-01 9.206167132879071735e-01 9.371731318070000150e-01 9.321973628914214105e-01 9.520704777885727887e-01 9.172493910436225750e-01 9.369568154707296204e-01 9.336261079053159717e-01 9.538370729207898968e-01 9.544344671972788685e-01 9.600761697197035538e-01 9.518626443385961311e-01 9.436135971083563501e-01 9.715314149470848371e-01 9.789129369812714643e-01 9.814770825642387120e-01 9.562397051482613985e-01 9.604547753090770801e-01 9.648703716116575624e-01 9.725234894968003418e-01 9.591211146359341910e-01 8.812214017853072789e-01 8.513441427190344690e-01 8.344140275464470013e-01 8.419566023196080051e-01 8.254641212891650204e-01 8.233614472530953465e-01 8.241001744970329890e-01 8.204307873808062146e-01 8.553305283576736473e-01 8.115174000154697920e-01 8.272250238756239105e-01 8.267441928278909113e-01 8.626260387697985976e-01 8.173839390851518338e-01 8.143538901167461930e-01 8.636740155780143757e-01 8.068128559967352453e-01 8.394390844052636025e-01 8.419612416894046714e-01 8.120969255673140541e-01 8.551953761175411506e-01 8.624318965169526230e-01 8.519601639616919408e-01 8.397458130268506959e-01 8.542116042984165825e-01 8.381578891280965227e-01 8.367179060789937672e-01 8.594055100721643692e-01 8.906038089720254014e-01 8.703056809584465148e-01 9.203186821044704313e-01 9.074559960937369496e-01 9.399591156359514699e-01 9.121965119637254205e-01 8.894643542681324178e-01 8.262576493874951300e-01 8.503201427291222636e-01 8.409445837531897006e-01 7.716501077120986318e-01 7.486935868539452699e-01 7.757660975564473205e-01 8.205528914955001474e-01 7.916962146426801405e-01 7.923150011798132386e-01 8.264251787414248485e-01 8.373036438269536585e-01 7.592594362110806072e-01 7.701914308619830507e-01 7.842441695158487436e-01 8.174040188796101170e-01 8.561966858448416540e-01 7.979815349041690098e-01 7.887847701107443266e-01 8.199444344181007205e-01 7.489106788222980038e-01 7.966497265230223501e-01 7.649136729791421452e-01 7.411229981967006886e-01 7.640230024570964229e-01 7.725964776952046753e-01 7.803405988043209396e-01 7.418483272393245898e-01 8.721645298897553467e-01 7.267533540367531186e-01 7.324218690678937493e-01 7.987765703243604465e-01
2.724184801421433821e+00 1.012460885159552220e+02 3.484134575267047840e+00 7.641670106192104406e-01 9.931004191001688852e-01 9.077904582491430618e-01 9.226126595724304380e-01 9.047411531600416668e-01 9.010658017637257489e-01 9.234560012096090231e-01 9.078163126049544340e-01 9.301428621649479034e-01 9.317124268919594332e-01 9.259428990690203864e-01 9.298318306143159573e-01 9.281187977781653053e-01 9.368956564999396663e-01 9.409476340837690245e-01 9.227176555869505137e-01 9.241165191231218712e-01 9.204668482762589088e-01 9.518172667534592346e-01 9.550032145056993604e-01 9.457886751794798430e-01 9.588280340968449167e-01 9.591230089849736018e-01 9.868540836375122582e-01 9.866484601704721413e-01 9.610113728182893000e-01 9.656387301598506889e-01 9.513681686057835485e-01 9.726976722527357344e-01 9.600418608695420186e-01 9.015427252950047876e-01 8.916415851064874998e-01 8.609992046945672550e-01 8.545857639660909832e-01 8.389342354610589414e-01 8.138082347394520744e-01 7.926885753915440258e-01 8.252675298687887073e-01 8.277808965222732684e-01 7.928750156082954303e-01 8.253537318278478807e-01 8.366832839033311320e-01 8.189440911359150421e-01 8.541529895577170128e-01 7.858119761279086513e-01 8.232135211387926477e-01 8.185407850857836509e-01 7.949916842422781738e-01 8.446274998644635046e-01 8.571498163317798902e-01 8.650048281109226078e-01 8.525558086680236070e-01 9.158201673754179373e-01 8.545594376310516882e-01 8.549011621735163047e-01 8.211674231489404230e-01 8.793810566474068446e-01 8.276075867621350834e-01 8.456008777168662061e-01 9.250787354530060069e-01 9.295402173226887665e-01 9.352431638358965627e-01 8.929238068714585586e-01 8.792913596613947114e-01 9.005636707074053948e-01 8.480919150183342525e-01 8.764481002093466033e-01 8.359214735580865474e-01 7.821679082778061343e-01 7.459634997513951982e-01 8.118512987087171950e-01 8.617197585487623712e-01 8.189471691113778817e-01 7.597554513869437809e-01 7.875301431761693172e-01 7.838645210195542834e-01 8.058618531268481044e-01 7.817307289369955781e-01 8.119937174376111733e-01 7.546753301304572892e-01 7.877456159025270077e-01 7.524289011941834859e-01 7.584301578311133385e-01 7.773912682782290196e-01 7.549905015242163175e-01 7.616361374999301992e-01 7.543842702634907527e-01 8.071969660125022372e-01 8.342512311336354180e-01 7.817904365273200540e-01 8.132925298942892400e-01 7.696863010313255149e-01 8.025699922430987732e-01 7.693197815560172126e-01 8.548898939488333015e-01 8.244824601304083789e-01
1.002518384168511689e+00 3.484134575267047840e+00 1.017403926193177881e+02 3.130933773284187094e+00 8.203268067759875715e-01 9.289244536822914844e-01 9.162666805130039727e-01 9.357054651761149699e-01 9.297205195653713838e-01 9.192560805315120875e-01 9.187801439322611508e-01 9.333195449519490206e-01 9.293594665798271537e-01 9.098518677315085013e-01 9.608326334320259621e-01 9.557586510765193610e-01 9.504004477480484381e-01 9.540181825577380703e-01 9.569944504441628697e-01 9.572106959411912364e-01 9.255765900803629709e-01 9.446977197001023008e-01 9.692221339366989818e-01 9.630090742009437266e-01 9.503895596727011119e-01 9.515107936734723548e-01 9.953173759540409060e-01 9.913345903446457719e-01 9.658198963469800669e-01 9.687636832320032365e-01 9.742566864096323664e-01 9.996586238199961505e-01 9.534008938782176923e-01 9.119662501946608213e-01 8.771390764772015736e-01 8.860298479965282858e-01 8.594528541448517300e-01 8.681578490328023534e-01 8.553960895248307050e-01 8.303251709127217328e-01 8.352964447892684552e-01 8.136896166329998792e-01 8.256564346543029398e-01 8.314170113783787563e-01 8.409130063853814674e-01 8.244593423513427721e-01 8.347579256026795846e-01 8.299603025550393864e-01 8.246627310678978917e-01 8.362325691922721793e-01 8.147147421764960873e-01 8.281759752667311458e-01 8.503775998260928448e-01 8.706713686607477909e-01 8.845628490766191954e-01 8.733797385100756649e-01 8.871601226676996133e-01 8.713200516936882023e-01 8.448098552352034663e-01 8.651579392475848840e-01 8.591040245067917969e-01 9.202644124949570514e-01 8.996070234104349694e-01 9.008447661954597230e-01 9.591551059629291887e-01 9.576948367827385900e-01 8.538523819107356472e-01 8.799359757538582905e-01 8.561599176697112235e-01 8.421488505649008527e-01 8.619821664122664373e-01 8.329043247664007499e-01 8.263035465732296858e-01 8.202678282916017194e-01 8.314637891433681594e-01 7.558478630608242987e-01 7.989755258071177257e-01 8.507922317527758516e-01 8.507640568705732154e-01 8.191456596089602415e-01 7.970844952677844653e-01 7.735921082395037507e-01 7.960429782659312892e-01 7.885236431175005611e-01 8.104547540508926229e-01 7.877112546284240624e-01 7.914026234710489494e-01 8.295711068315235748e-01 8.084014788478350866e-01 7.978135166808040246e-01 7.723118778549615815e-01 7.712602210595602692e-01 8.259089580899118266e-01 8.308366999230769601e-01 7.835799570629494726e-01 8.069658680362539194e-01 7.643914947515719760e-01 8.474959884231846319e-01 7.706061677629773010e-01
9.347327587802212179e-01 7.641670106192104406e-01 3.130933773284187094e+00 1.024999750620621910e+02 3.496201602229318972e+00 9.377727531943179651e-01 9.324587852107075747e-01 8.909418748966628776e-01 9.169911486552292379e-01 9.187901085007819102e-01 9.584306142630459879e-01 9.375836579697097717e-01 9.500312021731149859e-01 9.342675594689073826e-01 9.108449888215005563e-01 9.373614651036148437e-01 9.574736353260359101e-01 9.506991284131075526e-01 9.352036523057747353e-01 9.300882465060713589e-01 9.246753692607277975e-01 9.554216947875560084e-01 9.432729737811041959e-01 9.552535947000249106e-01 9.489991491575519023e-01 9.488292498036282607e-01 9.852290055805883462e-01 9.764503122734524698e-01 9.766269751906334617e-01 9.628543950467530754e-01 9.763226732167082922e-01 9.674610433609013294e-01 9.706830947939120158e-01 9.206821102330730033e-01 8.905931361993897344e-01 8.658226433662264965e-01 8.151784665917315431e-01 8.408207123616634471e-01 8.279739062373397962e-01 8.442839498521864661e-01 8.348220560400099188e-01 8.305250939009278799e-01 8.293624805302949321e-01 8.201485696697204952e-01 8.634164633227452423e-01 8.113786285656980901e-01 8.140815605473882277e-01 8.130403139327877504e-01 8.242533118741999232e-01 8.728276511610824073e-01 8.057636341526170920e-01 8.328927800688572525e-01 8.099951372297236052e-01 8.931373037431602491e-01 8.462872531823603106e-01 8.451522478831547946e-01 8.665317705216248889e-01 8.941424200624336072e-01 8.476844181829805702e-01 9.300153306040341850e-01 8.938013544687107848e-01 8.936477336880070954e-01 8.933883903378525559e-01 8.114199978716746253e-01 8.736569747678155640e-01 8.993659778449152320e-01 8.723566287807497099e-01 8.942686839641023067e-01 8.509636341159060313e-01 8.462632885312190156e-01 8.228861080953283613e-01 7.645728624047973820e-01 8.255849984779980444e-01 7.955515423320074220e-01 7.315159387664070811e-01 7.479242539625318154e-01 7.964971558163981280e-01 7.825377445834900136e-01 8.066663948070602608e-01 7.917800396408186669e-01 7.745720736944030627e-01 7.629714592109932969e-01 8.084074429592723599e-01 7.809818184809828034e-01 8.058625077917527246e-01 7.887225573790979105e-01 7.811722461166434872e-01 7.729035328236146807e-01 7.519390650155468592e-01 8.089957540081026410e-01 7.773363216595379210e-01 7.351794596828199468e-01 7.812804641949914197e-01 7.402411374222630513e-01 8.186840097976386676e-01 7.952852486795045639e-01 7.214908883841040232e-01 7.438192637245641947e-01 7.315870342964864159e-01
8.944698756667031070e-01 9.931004191001688852e-01 8.203268067759875715e-01 3.496201602229318972e+00 1.025963784356640076e+02 3.654329453662988669e+00 8.056765405585686324e-01 9.815517130062733075e-01 8.770279336741039211e-01 9.302619884465669342e-01 9.299017673701651665e-01 9.218693319198959513e-01 9.193676265841894679e-01 9.320227134681384751e-01 9.190966010681388410e-01 9.134858960446736731e-01 9.296954677782202081e-01 9.266219387704740518e-01 9.311965287179594375e-01 9.506333506199525774e-01 9.506589832815057761e-01 9.381921032755076162e-01 9.489612897658056268e-01 9.592278453597988808e-01 9.398806130977236384e-01 9.604829419173861460e-01 9.717170087582512883e-01 9.751000937112058731e-01 9.485071682466411636e-01 1.011918996463795350e+00 9.598373151492692879e-01 9.551222570630411024e-01 9.134181552103481927e-01 8.667203828550076317e-01 8.607149569808696388e-01 8.355527173210607339e-01 8.531431901307995336e-01 8.690758751655298653e-01 8.276296190834913080e-01 8.304485833232710945e-01 8.082952270419420104e-01 8.287699679046471868e-01 8.069245400821796199e-01 7.989625824521262576e-01 8.408475615738979503e-01 8.006390191549680457e-01 8.148238820164492857e-01 8.278302624792471809e-01 8.188584477002602835e-01 8.633347196891866249e-01 8.497126061870021729e-01 8.412219303757667577e-01 8.885033978870828797e-01 8.261086931565094771e-01 8.338702138958000720e-01 8.368702267133768524e-01 8.802982869150864920e-01 8.880787151125044687e-01 8.793354401952575561e-01 8.822292290989317554e-01 8.548204792366522753e-01 8.753858029333592139e-01 9.207376874997507121e-01 8.951787510318700569e-01 8.835548783795472705e-01 8.905634193273507249e-01 8.627151669673082113e-01 8.663350845364938824e-01 8.315794939880982728e-01 8.003115373546084710e-01 7.592436888752336355e-01 7.833098091336869739e-01 7.359943041530425667e-01 8.150124635820796826e-01 7.465904243716601218e-01 7.632438819509784755e-01 7.829140515697419200e-01 7.587131985573513093e-01 7.662180840135700555e-01 8.253413985624802329e-01 7.781152309500610764e-01 7.820164681718678734e-01 8.153619653713659599e-01 8.089086831425180701e-01 8.251374582654464884e-01 8.012816001211330308e-01 7.628359273643432470e-01 7.381317064093053659e-01 8.144118511368153568e-01 8.005980212491025094e-01 7.496964728268841194e-01 7.783235911584465150e-01 7.888933364596463216e-01 7.634520102914668094e-01 7.439622514711078383e-01 7.632505692080041593e-01 8.003419281289879672e-01 7.738980514102699049e-01 7.710407727380492737e-01
9.161860866861526453e-01 9.077904582491430618e-01 9.289244536822914844e-01 9.377727531943179651e-01 3.654329453662988669e+00 9.664861896483407122e+01 3.267386877878654783e+00 8.678512733282623959e-01 9.524890054866831379e-01 9.150997007302766884e-01 9.279832822935211167e-01 9.241585241014994567e-01 9.344344399328411432e-01 9.341527477761063514e-01 9.167988288764503668e-01 9.271150193769983616e-01 9.455189695741074152e-01 9.329668503548020908e-01 9.534494900262925343e-01 9.390952689164546729e-01 9.557346607566473695e-01 9.772352783179174551e-01 9.488882708979695657e-01 9.378818594062220404e-01 9.445332207388273948e-01 9.700572316387332528e-01 9.700853037713719207e-01 1.009556889593483664e+00 9.681048442866021508e-01 9.603760080022163415e-01 9.566069169419805229e-01 9.861894171126106556e-01 9.517268396047441348e-01 8.954551276485743783e-01 8.278236374410895548e-01 8.405133430972808739e-01 8.494010419027360204e-01 8.485709240021167554e-01 8.452735576858435573e-01 8.278655178297656958e-01 8.192680571474345586e-01 8.112977009518896887e-01 8.474908582073056307e-01 8.310783204043979966e-01 8.379589706930923310e-01 8.101247526500976459e-01 8.357823578917992213e-01 8.621497951513984459e-01 8.340012768511329000e-01 8.341492991868437734e-01 8.523337201019179910e-01 8.125932872494162629e-01 8.127322660791580500e-01 8.903748671497794254e-01 8.464791890690371856e-01 9.577203340375989304e-01 8.620030283295729845e-01 8.391124288623271754e-01 8.911307881339602943e-01 9.820967652017628113e-01 9.653196215335719810e-01 9.061268957515810074e-01 9.387767523346262077e-01 8.717554565910571318e-01 8.920778828082462919e-01 9.729111640024274976e-01 8.993340556075763992e-01 8.427113155228754815e-01 8.298175588447197493e-01 9.130169813909915222e-01 7.944741584986668714e-01 8.007040670291095674e-01 7.752315598922718820e-01 8.533529847642447042e-01 7.664224837254280942e-01 8.192680087877874939e-01 7.935131175804700510e-01 8.387486691390927396e-01 8.095905556252429580e-01 8.183850961547107783e-01 7.834144938539762126e-01 8.009937146669817709e-01 8.098203403051880134e-01 8.441855125079741340e-01 7.625451889522855131e-01 7.732921771384038134e-01 8.090743661463082326e-01 7.544248357228073854e-01 7.733461252350861681e-01 7.999575365347630918e-01 8.345146170974768740e-01 7.717883936352456509e-01 7.980804865469064424e-01 8.792038228005659706e-01 7.611214143886627648e-01 8.140301393317640466e-01 7.427316787042756996e-01 7.504134690856100187e-01 7.523075965781251817e-01
9.097554402361593962e-01 9.226126595724304380e-01 9.162666805130039727e-01 9.324587852107075747e-01 8.056765405585686324e-01 3.267386877878654783e+00 9.750057635694969349e+01 2.989336818881947799e+00 1.062241706224814175e+00 9.552286121091765336e-01 8.965260741793309451e-01 9.466428071688037793e-01 9.359902406050146784e-01 9.365338611189544249e-01 9.313417567776283157e-01 9.455759025430922060e-01 9.388050321533810694e-01 9.505430348045136313e-01 9.737322780264680011e-01 9.370642488122974401e-01 9.507829103977633034e-01 9.579166755885359930e-01 9.437549745051936334e-01 9.588711360950191720e-01 9.571838120042305276e-01 9.774469376782498609e-01 9.985011348181083157e-01 9.739901567393481896e-01 9.763665939843130248e-01 9.720852381163502809e-01 9.659370290808442228e-01 1.025190483586744472e+00 9.572481874086569142e-01 8.996891379596578808e-01 8.761207522453399177e-01 8.664862425624860753e-01 8.453295130828178960e-01 8.405695426829257189e-01 8.208154226105970341e-01 8.205879220678928831e-01 8.093810008668183009e-01 8.198374083931970757e-01 8.249468155904862154e-01 8.295485344948978490e-01 8.456553075086914451e-01 8.480984522775820711e-01 8.549103192896290171e-01 8.247919824824426760e-01 8.241146580587637160e-01 8.370274634029583050e-01 8.533695794175596427e-01 8.561986412845806749e-01 8.600672357464612672e-01 8.690905941384108324e-01 8.295952393315113582e-01 8.431667158182929445e-01 8.799300310206903397e-01 8.652360138369404874e-01 9.057195310090602192e-01 8.512399200258973231e-01 8.883353731609576753e-01 8.792813867338082900e-01 9.498169827841564938e-01 9.153463214911273793e-01 9.053279054565632755e-01 9.076099235093719741e-01 8.907650266783522230e-01 9.230020040338516862e-01 8.556379498161823527e-01 8.425169275853537920e-01 8.536046490319999513e-01 7.928585591943332345e-01 7.646003010373866315e-01 7.783984908711835127e-01 8.153252020017255353e-01 7.818648808247105064e-01 8.119118759278424191e-01 8.082508785103732496e-01 8.154434043673891574e-01 7.160683108657804885e-01 7.707645905622393379e-01 8.065060040660791962e-01 8.133813769564942620e-01 7.732078119326650789e-01 7.996802165417797870e-01 7.666099750309177674e-01 8.142346932553267136e-01 7.693182142532051238e-01 7.903867115979552604e-01 8.042842427546335049e-01 7.946494005880884171e-01 8.197589895336870880e-01 7.998589343275096519e-01 8.327461850201165472e-01 8.228114864036556453e-01 7.789672233466855555e-01 7.572439495845261215e-01 7.609209542058722464e-01 7.520455018117104817e-01
9.252700084867174768e-01 9.047411531600416668e-01 9.357054651761149699e-01 8.909418748966628776e-01 9.815517130062733075e-01 8.678512733282623959e-01 2.989336818881947799e+00 9.883501200491183170e+01 3.085205852850565478e+00 8.923590793599546211e-01 9.721083467485640561e-01 9.019291044156763082e-01 9.364234782727107742e-01 9.183170911311027140e-01 9.362684486236150239e-01 9.415426694576268796e-01 9.306379163293114765e-01 9.477028583513521509e-01 9.487074155490931027e-01 9.338516560152030355e-01 9.475307574574994840e-01 9.355078295500506291e-01 9.626659152201592073e-01 9.492609625762068459e-01 9.727712707420169691e-01 9.732400856945621070e-01 9.889032092837147792e-01 9.340544879912171528e-01 9.669123009929302404e-01 9.766091070082359993e-01 9.222380523947734110e-01 9.741875669973891760e-01 9.506386847058164724e-01 8.972058376440856797e-01 8.457483216488037581e-01 8.636649795101979388e-01 8.592162293593755829e-01 8.238426167231309716e-01 8.269167448193939229e-01 7.930370887094710941e-01 8.230488856217497151e-01 8.534834427342863350e-01 8.236242025961590940e-01 7.837051009411050151e-01 8.501596398627162543e-01 7.904918785006613824e-01 8.187002804860822325e-01 8.444012873333592850e-01 8.118063152850290010e-01 8.428843291420351491e-01 8.143998981127806847e-01 8.519394640844468736e-01 8.776008679587470329e-01 8.636956080803177560e-01 8.732233996779882323e-01 8.264787419438521798e-01 8.970217787045096092e-01 8.976636731983836937e-01 8.431153176065374621e-01 8.574704874630421081e-01 8.805532628359258318e-01 8.405648406046338783e-01 8.901011112568928407e-01 8.945534295412910231e-01 8.976155821624738351e-01 9.220498399704164516e-01 8.958842376104029226e-01 8.649716368888338280e-01 8.314259469212650355e-01 7.914029524607469890e-01 8.298990503600991442e-01 7.724599719503902895e-01 7.582931630643227061e-01 7.804755888582508572e-01 7.569802924411642708e-01 7.940771073317411943e-01 7.710893822173801038e-01 7.940068555560181318e-01 8.009781296448775789e-01 7.451159917051505266e-01 7.823958737582434875e-01 7.993699625795198660e-01 7.747433764882550866e-01 7.527343869624038009e-01 7.330097881042788588e-01 7.648870467099732062e-01 7.789275380714092423e-01 7.779905911769672278e-01 8.151822089030380525e-01 8.032502441947588778e-01 7.874339230479159291e-01 7.427888705395465641e-01 7.999305205512454719e-01 7.827036607907148502e-01 7.648434184517413081e-01 8.070629317798819757e-01 7.562126778921745007e-01 7.818613795673005074e-01 7.637835183810238737e-01
9.071579945065468831e-01 9.010658017637257489e-01 9.297205195653713838e-01 9.169911486552292379e-01 8.770279336741039211e-01 9.524890054866831379e-01 1.062241706224814175e+00 3.085205852850565478e+00 1.027632549526322236e+02 3.184017806627073455e+00 8.040613001491518919e-01 9.884840674132507887e-01 8.916533397943365857e-01 9.365900494817068767e-01 9.272492543865097359e-01 9.371722711650353199e-01 9.436384773769007639e-01 9.410441882575226735e-01 9.181730916473674897e-01 9.409031015358679806e-01 9.415495514006457789e-01 9.432358784215382208e-01 9.337452784293348573e-01 9.401013557443254065e-01 9.390764115235560316e-01 9.978091527966674867e-01 9.240050485593033214e-01 9.740995092758719665e-01 9.750268481536481513e-01 9.707080106382763862e-01 9.691748939775988170e-01 9.614199678637310731e-01 9.547646586844543704e-01 8.949550641990042799e-01 8.378211482113551156e-01 8.223757186616351689e-01 8.258959383104280683e-01 8.292401911373654677e-01 8.222247312325446922e-01 8.051762021505526334e-01 8.077868523119597910e-01 8.216885880584648971e-01 8.103427885984524348e-01 8.117864844520880085e-01 8.202579722251489569e-01 7.963889900486592621e-01 8.291420042306045790e-01 8.088778098508024872e-01 8.734121769519321843e-01 8.073188255474481601e-01 8.249948276973114725e-01 8.432430203344658537e-01 8.549823865740369122e-01 8.129206956891331659e-01 8.509047501171489447e-01 8.400685107858841816e-01 8.595068960090858079e-01 8.926032332343373232e-01 8.750848527939835142e-01 9.028350981335125924e-01 8.573275254334056239e-01 8.690132698048803617e-01 8.912889697545191003e-01 8.975394295256537980e-01 9.006164599231660794e-01 9.396036278654928964e-01 8.753562547380825398e-01 8.702702941567903583e-01 8.524019517279147751e-01 8.524509969013962518e-01 7.967391411337828577e-01 8.013509176711955950e-01 7.558383063626133991e-01 7.960370596299696233e-01 7.641094495426106192e-01 7.616034770826116684e-01 7.742273625663894654e-01 7.662085316551402459e-01 7.823246798101251009e-01 7.985352547647456278e-01 7.669987746541319096e-01 7.671190256366529070e-01 7.657887176996693857e-01 8.077305705683915926e-01 7.516654736600767439e-01 8.145932193987313052e-01 7.932454473971917164e-01 7.743282760593044323e-01 7.593666096254069187e-01 7.824299453879499655e-01 7.857639463574200844e-01 7.290405794768830550e-01 8.071600797835133401e-01 8.524569491694823364e-01 7.608574545161345126e-01 7.668792518530844760e-01 8.176275344092580610e-01 7.588578913986624430e-01 7.707337050749891727e-01
9.122553977396903324e-01 9.234560012096090231e-01 9.192560805315120875e-01 9.187901085007819102e-01 9.302619884465669342e-01 9.150997007302766884e-01 9.552286121091765336e-01 8.923590793599546211e-01 3.184017806627073455e+00 9.636781242174521367e+01 4.377322995025340724e+00 7.602521854590954531e-01 9.993601592392981070e-01 9.131313367409636950e-01 9.382244163078409249e-01 9.412760854432722368e-01 9.287340013535257954e-01 9.386436577275538706e-01 9.398548682412803945e-01 9.430800925119893208e-01 9.279199695943332049e-01 9.239700897890694709e-01 9.430086732748770295e-01 9.497579269140808966e-01 9.493127962804858155e-01 9.540096332875932506e-01 9.528761972008077397e-01 9.563266534773837702e-01 9.711578570170115166e-01 9.771367910593852235e-01 9.705559860555343921e-01 9.670341288332091612e-01 9.452293318508051545e-01 9.100542661307693404e-01 8.831019750361107645e-01 8.356023900906522917e-01 8.606059271707775515e-01 8.241012125460034365e-01 8.364509507735278238e-01 8.200671097848970525e-01 8.264280344393092337e-01 8.493832701973406119e-01 8.373401463699259306e-01 8.238802420379818248e-01 8.123487117182268680e-01 8.480270193573754556e-01 8.286472717305070068e-01 8.587590601456244199e-01 8.421178004561465924e-01 8.209933949537445708e-01 8.298439289397485652e-01 8.466695697895291195e-01 8.676836014548661158e-01 8.676575179668697402e-01 8.323422815026629840e-01 8.704933559501224494e-01 8.581749020009686868e-01 9.034888656136729201e-01 8.548064701404285426e-01 8.599156094451609889e-01 9.136440706905140097e-01 9.025379423329749073e-01 8.850993703009726321e-01 9.335503713009639659e-01 9.405342654829278448e-01 8.807719263543363208e-01 9.060576762764189773e-01 8.889370291787541678e-01 8.416400175778628867e-01 8.397378674711518665e-01 8.060671957927372233e-01 7.979993662331916759e-01 7.999885263945371028e-01 7.845322458143689781e-01 7.920938289550252254e-01 7.973028174123156786e-01 7.816168611668272703e-01 7.755330867355739732e-01 8.092698507114318707e-01 8.104485760896269486e-01 8.129313050200519530e-01 8.049546339963138397e-01 8.334690686425828554e-01 8.633371655328512251e-01 7.984127558829799964e-01 7.768795419798848467e-01 8.101335679126701050e-01 8.116807198999657080e-01 7.870969571161396949e-01 8.051035952211249569e-01 8.003907651990469496e-01 7.500140399961079396e-01 7.755175513979382096e-01 8.626193488043351065e-01 8.507091681284945084e-01 7.845061345836937816e-01 8.150144050154457531e-01 8.042665220010932758e-01 7.900813973729833295e-01
9.324126990113085212e-01 9.078163126049544340e-01 9.187801439322611508e-01 9.584306142630459879e-01 9.299017673701651665e-01 9.279832822935211167e-01 8.965260741793309451e-01 9.721083467485640561e-01 8.040613001491518919e-01 4.377322995025340724e+00 1.002895779216680694e+02 2.681360365634116505e+00 8.601412565488175677e-01 8.863022158474372914e-01 9.299962777533983260e-01 9.255962884611305119e-01 9.274787597619632562e-01 9.200174700038488140e-01 9.241992933044657077e-01 9.335627014419578540e-01 9.483116476711058729e-01 9.491731783285295432e-01 9.505826562137466018e-01 9.183602844478907512e-01 9.581276046383138123e-01 9.441802824269125427e-01 9.420578020930238106e-01 9.624555168665842597e-01 9.594994285984250748e-01 9.768015639151178542e-01 9.631885913083323425e-01 9.522137940335709816e-01 9.276187436950916743e-01 8.729997545416945393e-01 8.273000945051306454e-01 8.337855146722530364e-01 8.155063677859910598e-01 8.263516216708352013e-01 7.797412307097133510e-01 8.155021970800016007e-01 8.649134302619329029e-01 8.003848730621249130e-01 8.170522165331139952e-01 8.235056219712212355e-01 7.901917266198159595e-01 8.115103478673284521e-01 8.344642252466367704e-01 8.130648762240846317e-01 8.256911020633830312e-01 8.232221919432421986e-01 8.179834883730440209e-01 8.319639886270484563e-01 8.812775807106009163e-01 8.445671128474214751e-01 8.574909447611573921e-01 8.590529399752786510e-01 8.656380095446312151e-01 8.514738204466931748e-01 8.986329862660087375e-01 8.647829651732564793e-01 9.024695880360580347e-01 8.984906966521361005e-01 9.008856189025997718e-01 9.221189739898459914e-01 8.769446214735450162e-01 9.085354996709085196e-01 9.279091279696540795e-01 8.872169672670431328e-01 8.634074587594015027e-01 8.082955910048076342e-01 8.052043900161639511e-01 7.885746722700461842e-01 7.769521092810860452e-01 7.876332184109879897e-01 8.278567046911161631e-01 7.795733537318791928e-01 7.537857935647669372e-01 7.867296703417044901e-01 7.774466519887534011e-01 7.675933908484098289e-01 7.693483293802270140e-01 8.447659046109021741e-01 8.289260716209033708e-01 7.939092198712596193e-01 8.296725279977388290e-01 8.067828903257279194e-01 7.890577250640612439e-01 8.166265236098714242e-01 7.528027108088823915e-01 9.134010065841987602e-01 7.492276119456549033e-01 8.326392895911931546e-01 7.644236565772279945e-01 7.654618174956286936e-01 7.295781253617589224e-01 7.185817247388271989e-01 7.472271478677803280e-01 7.706295186650694573e-01 7.912866896274671769e-01
9.394367831789975920e-01 9.301428621649479034e-01 9.333195449519490206e-01 9.375836579697097717e-01 9.218693319198959513e-01 9.241585241014994567e-01 9.466428071688037793e-01 9.019291044156763082e-01 9.884840674132507887e-01 7.602521854590954531e-01 2.681360365634116505e+00 9.556897935081842377e+01 3.236353792079302849e+00 9.500953159986310625e-01 9.361292497656694689e-01 9.243702442281124254e-01 9.224160291849646809e-01 9.422315304506898581e-01 9.654050904933909605e-01 9.342718647651737651e-01 9.458275022287541134e-01 9.457414842057675353e-01 9.461624410419410269e-01 9.705215613725836077e-01 9.539763027394004835e-01 9.603076199550096836e-01 9.676641779149174338e-01 9.655073236022643224e-01 9.573216463803266851e-01 1.028569422642208187e+00 9.570408977821825980e-01 9.797529710119000645e-01 9.257136590029650947e-01 8.953166105030052613e-01 8.601036192370025146e-01 8.755205545732498429e-01 8.262888112277423369e-01 7.962487949832608436e-01 8.020468558410779325e-01 8.310542289124441817e-01 8.185680432249209382e-01 8.099813435920949489e-01 8.309686434991175874e-01 8.222554519293133746e-01 8.040524089905105587e-01 8.086738092412576462e-01 8.304715642665656539e-01 7.967407646034943003e-01 7.960776276237150340e-01 8.510293397152741690e-01 8.129047847069167387e-01 8.022464133930173880e-01 8.328437822037896288e-01 8.493469311597099392e-01 9.143480266413704927e-01 8.512801820945554709e-01 8.851841317365823913e-01 8.959968300927145801e-01 8.656856847202463179e-01 8.749652803869635287e-01 9.139572622512596167e-01 8.950173556267001507e-01 9.479066211846820522e-01 9.237476926333134664e-01 8.639589524879237592e-01 9.091556192765117839e-01 9.152372217228268436e-01 8.750891821289308314e-01 8.618426135152126299e-01 8.298861149015459571e-01 7.842980414640287057e-01 7.784732834998113749e-01 7.844203191238756645e-01 8.007058155744299910e-01 8.128206166859075488e-01 8.207557285348840992e-01 7.781829748238549005e-01 7.872016044063652185e-01 7.865319404244982548e-01 7.856706855330667372e-01 8.004139842010873362e-01 7.899629012580584586e-01 8.138961843845721189e-01 8.084752538916413211e-01 7.888215437077497061e-01 8.088974723085663454e-01 7.575515020521490506e-01 8.220021828975910827e-01 7.683376314916660066e-01 8.054905890578866190e-01 7.316932449586797116e-01 8.094608565914732656e-01 8.497442953932060616e-01 7.831194444335294325e-01 7.790035890899364990e-01 7.752588459364034845e-01 8.341465568046229073e-01 8.325300706648798288e-01 7.667034172572457784e-01
9.558465373258996367e-01 9.317124268919594332e-01 9.293594665798271537e-01 9.500312021731149859e-01 9.193676265841894679e-01 9.344344399328411432e-01 9.359902406050146784e-01 9.364234782727107742e-01 8.916533397943365857e-01 9.993601592392981070e-01 8.601412565488175677e-01 3.236353792079302849e+00 9.597049225511067050e+01 2.588508902804800282e+00 9.703349440461399578e-01 9.289059516232924807e-01 9.129960855411735077e-01 9.446427208263152853e-01 9.478745115587237091e-01 9.354600627824257719e-01 9.382821813818913448e-01 9.562221195450945066e-01 9.365805846507558874e-01 9.451817759968530464e-01 9.375106799981420824e-01 9.607787343485145737e-01 9.589679428074940892e-01 9.642059426982175774e-01 9.487987390839238699e-01 9.774320760602718261e-01 9.805259261647355506e-01 9.573608147354913944e-01 9.247218269488126641e-01 8.945675979487597296e-01 8.769257187503565198e-01 8.120297148049158142e-01 8.422219198928331263e-01 8.013955025404796428e-01 8.236198751739502999e-01 8.324260519126632785e-01 8.100240186826055400e-01 7.825213362846145104e-01 7.816041008211565000e-01 8.277458928132512828e-01 8.339427841323552304e-01 8.213307710621483571e-01 8.452887508643047720e-01 8.605372554702921395e-01 8.326953414936566489e-01 8.419616479466176528e-01 8.155470168033467360e-01 8.454603919019768599e-01 9.035658664660610739e-01 8.677273340013862413e-01 8.768838402152194789e-01 8.554286155020495164e-01 8.384739200496170719e-01 9.056380399437150563e-01 8.641895848628448062e-01 9.187845990088429060e-01 8.811789852751278351e-01 8.603920609455386614e-01 8.921461379858699470e-01 9.222527139237185478e-01 8.817035627841544043e-01 8.743219102418710031e-01 9.151243450547889013e-01 8.812121299935548047e-01 8.864384233287595505e-01 8.321576015900913337e-01 8.521689428765450991e-01 8.448912602075959732e-01 7.742025342022728074e-01 7.817718563681238519e-01 8.144523242454609901e-01 8.090633624478360542e-01 7.931516933037835448e-01 7.860726153870747357e-01 7.946814847660322867e-01 8.170584197667998261e-01 8.188783984473980704e-01 8.430196385886717936e-01 8.014262300998747923e-01 7.817707408547959202e-01 7.649346168806504531e-01 7.685321938290619048e-01 8.276126812689685863e-01 8.013728766499221834e-01 8.382175902602537754e-01 7.860846816084509081e-01 7.207679160586888401e-01 7.665669011922718878e-01 7.791113820994634009e-01 7.673146018674890101e-01 8.192438370652397328e-01 8.115681468583749725e-01 7.305020726697971645e-01 7.576745529845038130e-01 7.929540296464333560e-01
9.206167132879071735e-01 9.259428990690203864e-01 9.098518677315085013e-01 9.342675594689073826e-01 9.320227134681384751e-01 9.341527477761063514e-01 9.365338611189544249e-01 9.183170911311027140e-01 9.365900494817068767e-01 9.131313367409636950e-01 8.863022158474372914e-01 9.500953159986310625e-01 2.588508902804800282e+00 1.006007908078867672e+02 3.611856381655333958e+00 8.323031661702335882e-01 9.501156310104204028e-01 9.072595211277978411e-01 9.285781960865485685e-01 9.284382172420708734e-01 9.354774163264317766e-01 9.367493347327120468e-01 9.241943549091922172e-01 9.421547324764161235e-01 9.242072257131650481e-01 9.515278859501998809e-01 9.519749666794103948e-01 9.406867291263485420e-01 9.623717921131328401e-01 9.695519866396336006e-01 9.499121194056265871e-01 9.483785979113280584e-01 9.536701532889338973e-01 8.837128704334068496e-01 8.397095304378541236e-01 8.357451909444184590e-01 8.153795734372235593e-01 8.149135696067931756e-01 8.235710703041234648e-01 8.019111704168806476e-01 8.076174449472646177e-01 8.256162049063094921e-01 8.017191948158699510e-01 8.188366008046963351e-01 7.946564718356190493e-01 8.133737581702240593e-01 8.033803653911336662e-01 8.338981018940755385e-01 8.666334101181711880e-01 8.067054596765259600e-01 8.201404882565864751e-01 8.460017529031084171e-01 8.471442518439376013e-01 8.742585199282991715e-01 8.485262996267076696e-01 8.919420959157869921e-01 8.287310053343077687e-01 8.667062099595136404e-01 8.829666817908239373e-01 9.028240717561476503e-01 8.724860749539099514e-01 9.109115869070529836e-01 8.986369309155926022e-01 9.194842431315335407e-01 9.146763847018533067e-01 9.151920320596551583e-01 9.712310858626660437e-01 8.667191442033240767e-01 8.499796417496974232e-01 8.130112580906618813e-01 8.093122031798249960e-01 8.437827944162439309e-01 7.998495948147160695e-01 8.054220555544947535e-01 8.198924307581253457e-01 7.397959515858295587e-01 7.837275954090464625e-01 7.540328119981019039e-01 7.928684063094866286e-01 8.366202540155271983e-01 7.511564454054219242e-01 7.482205226860978442e-01 7.633163733710300880e-01 7.816334799836877067e-01 7.743956443185547878e-01 7.668300677111611341e-01 8.040898375413064736e-01 7.729736463754295350e-01 7.528434002096695554e-01 7.692042867600925593e-01 8.263936260656772337e-01 7.906054755711503512e-01 7.788236651598248184e-01 8.077567103099762003e-01 7.815641194332259012e-01 7.397323935909256853e-01 7.116364048931363984e-01 7.352305005042298891e-01 7.889455794823414525e-01
9.371731318070000150e-01 9.298318306143159573e-01 9.608326334320259621e-01 9.108449888215005563e-01 9.190966010681388410e-01 9.167988288764503668e-01 9.313417567776283157e-01 9.362684486236150239e-01 9.272492543865097359e-01 9.382244163078409249e-01 9.299962777533983260e-01 9.361292497656694689e-01 9.703349440461399578e-01 3.611856381655333958e+00 1.010942514206262928e+02 3.034040753157122516e+00 9.184383308981272087e-01 9.531079086691710556e-01 9.413750599269716801e-01 9.345575955489738851e-01 9.507960695912899274e-01 9.220708641619776991e-01 9.575341365132897797e-01 9.486247407241604757e-01 9.298500964786154954e-01 9.628506594465796598e-01 9.569060394216319931e-01 9.426478520726370158e-01 9.389302238915798737e-01 9.679091974699114420e-01 9.742461790093031038e-01 9.544548140176092321e-01 9.185774355228569776e-01 8.808514422949567102e-01 8.724576393079797043e-01 8.162817210771949883e-01 8.403569252702008940e-01 8.512432092281528861e-01 8.215434163650126020e-01 8.112160380438836471e-01 8.056421293681885754e-01 8.397137889205006367e-01 8.098788106398516762e-01 8.321394471147075533e-01 8.135206575349599456e-01 7.961214728228981352e-01 8.016604158748681375e-01 8.368840618707202861e-01 8.784469515382365978e-01 8.310868352398828041e-01 8.177695770324086011e-01 8.630537947233108964e-01 8.591396892972552601e-01 8.477082029328109058e-01 8.906433066872021520e-01 8.849950273924279687e-01 8.606520539710140749e-01 9.013867119325185140e-01 8.748531556421252908e-01 8.719084851436502692e-01 9.230275114448733831e-01 8.994209172748030001e-01 9.295928051040113216e-01 8.832983814124840682e-01 9.263149615723506036e-01 9.478859011641982413e-01 9.086785012031387554e-01 8.797454073868515856e-01 8.309430552459298180e-01 8.223980312316654384e-01 8.291028759260210546e-01 8.277341903581103555e-01 7.835924531845160912e-01 8.483437466085450573e-01 7.970548259215458620e-01 8.061263403257029614e-01 7.794155699577710594e-01 7.881431922869741591e-01 7.913636584532840468e-01 7.470894301898793888e-01 7.809101410563031864e-01 7.805907440048787116e-01 7.778694114182550523e-01 7.533731691764764538e-01 8.125850017326575747e-01 8.277436687759012202e-01 7.454411341450754014e-01 7.937187785043762212e-01 7.622116208955476147e-01 8.286201342230519185e-01 7.916425308871176680e-01 7.569195446400212024e-01 8.284469918516363940e-01 7.855057865668442219e-01 7.583598786558827243e-01 8.138266475995138416e-01 8.005003466814361035e-01 8.018155379982926378e-01 7.806556410592607742e-01
9.321973628914214105e-01 9.281187977781653053e-01 9.557586510765193610e-01 9.373614651036148437e-01 9.134858960446736731e-01 9.271150193769983616e-01 9.455759025430922060e-01 9.415426694576268796e-01 9.371722711650353199e-01 9.412760854432722368e-01 9.255962884611305119e-01 9.243702442281124254e-01 9.289059516232924807e-01 8.323031661702335882e-01 3.034040753157122516e+00 1.037357958875813182e+02 2.300508116256413160e+00 8.469410024997869879e-01 9.143650797351046133e-01 9.274049431620865480e-01 9.561787738117403235e-01 9.352726936280638670e-01 9.236324243892082286e-01 9.416752205407729059e-01 9.652879325590426607e-01 9.389485205871138662e-01 9.471600981669028307e-01 9.384620846934733640e-01 9.329087761280543400e-01 9.620361736422842203e-01 9.654367137571902013e-01 9.559998290806837051e-01 9.352099640958287941e-01 8.781644176727478879e-01 8.510111403554148080e-01 8.346778379785301238e-01 8.465952745655200840e-01 8.096234402129206531e-01 7.985449605185284128e-01 7.854273703899852244e-01 8.038134493452677720e-01 8.418129851328820523e-01 8.223251745950586056e-01 8.119572731759122641e-01 7.993535490684010592e-01 8.123000366006081219e-01 8.180731148396158670e-01 8.166542986376802427e-01 8.483035466320670848e-01 8.222300373981824562e-01 8.177647467244655299e-01 8.531653251480667555e-01 8.783535632912509161e-01 8.460344793306393552e-01 8.618601045899498825e-01 8.464323291252905390e-01 8.870210808127889646e-01 8.568884088370075647e-01 8.806260903134706108e-01 8.928093171838632491e-01 9.035352406147386661e-01 8.856446279984214742e-01 9.002826999245712170e-01 9.557301685686396819e-01 9.434164298846521302e-01 9.426537145402696938e-01 8.626057319170589155e-01 8.664335084647905028e-01 8.651514974522335200e-01 8.417376983873804397e-01 7.925806067238233554e-01 8.433431484965036029e-01 7.754857453059784689e-01 7.900397101664194954e-01 7.896083666103288490e-01 8.602254671473028580e-01 8.008835013229046451e-01 8.469428245126988664e-01 7.738876725597130246e-01 7.885331156688032417e-01 7.708839935568535529e-01 7.775323977085089044e-01 7.737561336435067050e-01 7.794638675945763095e-01 8.116692731245573889e-01 7.660738028182479953e-01 7.997894349087457666e-01 7.780328730340487775e-01 7.415366382286419089e-01 7.887090118492005031e-01 8.184518839835726034e-01 7.818089059432951071e-01 7.616665286200416940e-01 8.316070511142434896e-01 7.847625842881179592e-01 8.000856336387094370e-01 8.410984900169335976e-01 8.033693263148052877e-01 7.380745075817781720e-01
