1.108893262213597382e+02 2.870227075549098839e+00 9.992644939813937199e-01 9.479311072681373407e-01 9.042383070986487192e-01 9.452486244673884430e-01 9.525980414105340577e-01 9.372523111824028197e-01 9.293233319860133568e-01 9.263620397651275429e-01 9.350907294788632917e-01 9.399744496596006416e-01 9.712463020853985274e-01 9.569651095222619919e-01 9.538748463201872640e-01 9.787461493047966421e-01 9.855610150620878196e-01 9.942281641840892137e-01 9.833397865619328826e-01 9.911166807187281602e-01 9.891500128270602765e-01 9.887554264691531536e-01 9.980657937980879080e-01 1.016312769879083255e+00 1.051629306570980305e+00 1.044946529322100304e+00 1.076994767944324805e+00 1.098161231226800760e+00 1.065423081187420351e+00 1.103256281649906967e+00 1.067335849092294620e+00 1.001918652950679611e+00 9.300038011557600903e-01 8.277802033755802258e-01 7.848940079908524048e-01 7.520364068286059522e-01 7.278432704795088082e-01 7.187785369308715699e-01 7.281308523991639747e-01 6.976582899810034322e-01 7.072354817984825015e-01 6.769902896439440321e-01 7.260756322308585808e-01 7.001083451343765862e-01 6.859561902934286914e-01 7.091113353885311055e-01 7.206301584316662234e-01 7.636726449135976535e-01 7.118616691330121871e-01 7.401503394631685495e-01 7.279644418582622567e-01 7.679951353148273263e-01 7.836557649141088211e-01 7.884365557621098031e-01 8.009628138078597193e-01 7.850310546599318373e-01 7.869650389517923728e-01 7.913156641481284836e-01 7.919578579481036940e-01 8.392457166812614666e-01 8.856071950115220748e-01 8.414854639447314488e-01 8.384361933105144438e-01 8.952814704411109492e-01 8.354473555119857897e-01 8.791572998112097137e-01 8.507397987115209448e-01 7.814087827692804966e-01 7.145008345341303801e-01 7.413977663984431254e-01 7.401238644024027424e-01 7.095467282255651931e-01 6.582252703289666051e-01 6.330618703421178051e-01 6.861262488577287710e-01 7.103150369538310249e-01 6.412701586538169796e-01 6.234627456226873310e-01 6.014966496274601893e-01 6.511156380804019594e-01 6.159850242558474465e-01 6.515257708297598205e-01 6.726392146065435229e-01 7.449102754917089619e-01 6.507321070059375323e-01 6.435393794699264536e-01 6.135256218429460118e-01 6.732561515711578126e-01 6.595372057090169715e-01 6.146764086481580902e-01 5.965866421648611251e-01 6.326363993591666013e-01 6.759575754638804668e-01 7.020208173116044836e-01 6.583436530867954328e-01 6.812144133751140140e-01 7.077619306569127300e-01 6.562914035396575363e-01 6.879617662548628276e-01
2.870227075549098839e+00 1.115053156516078587e+02 3.461360972683428017e+00 8.743105746742938500e-01 1.010646498381016389e+00 9.352703324007131114e-01 9.324054598367723656e-01 9.390126833085858937e-01 9.463147988472524474e-01 9.429826804407109853e-01 9.420476531642595353e-01 9.608221934114891116e-01 9.544918722433857194e-01 9.699741176994003400e-01 9.655185719217284079e-01 9.652630082406211676e-01 9.903812880735046731e-01 9.703749745726589770e-01 9.939552224304926131e-01 9.713406509419293400e-01 1.004866686575264456e+00 1.001486903635153913e+00 1.025369164380942832e+00 1.023091905250886668e+00 1.020819531135489511e+00 1.031604861796613370e+00 1.085825515738044311e+00 1.098903890970691855e+00 1.058069093377235204e+00 1.099499160900424988e+00 1.081470367760372753e+00 1.039014809435783837e+00 9.047223423369582518e-01 8.538324112290756052e-01 7.898242550705395493e-01 7.477758494265033251e-01 7.424752084771264471e-01 7.288008829106241704e-01 6.949605804218745853e-01 6.640949291237543406e-01 7.154011166125536780e-01 6.979479352373982870e-01 6.961540505944463497e-01 6.956511116201600231e-01 6.765428906386207197e-01 7.057493348194329164e-01 7.248061222253813218e-01 6.882678357665855673e-01 7.385271134796147496e-01 7.451872115680479025e-01 6.809841103576373955e-01 7.557606335451826363e-01 7.849641801782614170e-01 7.510750984575864653e-01 7.450814571466936043e-01 7.656338217345376451e-01 8.044787000320235970e-01 8.066506790127679905e-01 8.170106590663496204e-01 8.755728321769601363e-01 8.830735640261282438e-01 8.323505475275096988e-01 8.809238421760062776e-01 8.524878894236085358e-01 8.651474111017957158e-01 9.001115662258935002e-01 8.338993466843963587e-01 8.017527476309403989e-01 7.156977761133487270e-01 7.496271179426008402e-01 6.951664869692675275e-01 7.069365706146361061e-01 6.904807361737395066e-01 6.895176488497645195e-01 7.118555255974351459e-01 7.482157995761816727e-01 6.375066640890086900e-01 6.985352304648509980e-01 6.805735746596095481e-01 6.733530634197512077e-01 6.352384844016152332e-01 6.897105516421889737e-01 7.704784080424145198e-01 6.845101032737884728e-01 6.267930324296060451e-01 6.844535163136452605e-01 6.800600717282475616e-01 6.717131703584834357e-01 6.360797076432694874e-01 7.019883117917868898e-01 6.718035399501013361e-01 6.401446528944974013e-01 6.748804904368249646e-01 6.230476000414900684e-01 6.099424576893838212e-01 6.092613407701348294e-01 6.429223122503219257e-01 6.825106394716343727e-01 6.543405636845643913e-01
9.992644939813937199e-01 3.461360972683428017e+00 1.117417117170481333e+02 3.078223849157891046e+00 8.356081476244410222e-01 9.778410297027070319e-01 9.300529621047058937e-01 9.563389270775148887e-01 9.515677209974029438e-01 9.678786216837059753e-01 9.508655473153606597e-01 9.720788899710136599e-01 9.690687520765728369e-01 9.530895773134711035e-01 9.433687195460671582e-01 9.576099348102358189e-01 9.787676307305033241e-01 9.655689513241624278e-01 1.001451597785994352e+00 1.014931519827739548e+00 9.993840859157685497e-01 1.016558894272625135e+00 1.041781500050507514e+00 1.018548394324730433e+00 1.010856939526803888e+00 1.058783909249720212e+00 1.052393855923374533e+00 1.072548062545342296e+00 1.077794074717032924e+00 1.105580536260693192e+00 1.094216187087313052e+00 1.026886130420632481e+00 9.589049092426255028e-01 8.575728934509611046e-01 8.106560461632460468e-01 7.526082071155889563e-01 7.109413679237154282e-01 7.394414447905134358e-01 7.114590964834381914e-01 6.983502663872388494e-01 7.254235443820229445e-01 7.306237369667353265e-01 7.318747322406552458e-01 7.072331597103984624e-01 6.892488584039789812e-01 7.042085254068409794e-01 7.184962630623855651e-01 7.238618955128210963e-01 7.507329339790982381e-01 6.854867027140454372e-01 7.252191507987538754e-01 7.440566985054131166e-01 7.625900599324680895e-01 8.136731834479361547e-01 7.701045204365453145e-01 8.623990051036219961e-01 7.631339775641519108e-01 7.788852129679182390e-01 8.558867208572320529e-01 8.250840836537894907e-01 9.235863343923369495e-01 8.468670685667024634e-01 8.717086312255950542e-01 8.800398255861274777e-01 9.203548667362592139e-01 8.857055832217900493e-01 8.213545609596116792e-01 8.186380199856154727e-01 7.741733717759323730e-01 7.133925480806115882e-01 7.730280435853862375e-01 6.517734752371062701e-01 6.477449336042306882e-01 6.623606195782226758e-01 7.064639516502083660e-01 6.493814985250415672e-01 6.250904184985827117e-01 6.460718933141420539e-01 6.465075394772714645e-01 6.397876630676316845e-01 6.635529128470841753e-01 6.775387280108475796e-01 6.980614198768148038e-01 6.502976725900244670e-01 6.577435120141958969e-01 6.674974036853766890e-01 6.425103718196027991e-01 6.641799952441951316e-01 6.338677399007194291e-01 7.456033832961150853e-01 6.573619359388068739e-01 6.320288573475241201e-01 6.384151579229471185e-01 6.924921672021737695e-01 6.807385019620391109e-01 6.477083435931335620e-01 6.026275696714126218e-01 6.483546373498603188e-01 6.639073059442290869e-01
9.479311072681373407e-01 8.743105746742938500e-01 3.078223849157891046e+00 1.145102477927361377e+02 3.547954876991124884e+00 9.473424247436181833e-01 9.869398580090711359e-01 9.075781138599640085e-01 9.534403157549447005e-01 9.500964185016839147e-01 9.275913029571160040e-01 9.494293300781240230e-01 9.489089972575364129e-01 9.530045396330260044e-01 9.880559355920922604e-01 9.558440767619961198e-01 9.925058182505921422e-01 9.614849779461031032e-01 9.949336879588109861e-01 9.633418687548119808e-01 9.996183037098720359e-01 9.864376920017854378e-01 1.040923852763708801e+00 1.053962064891579953e+00 1.002205876371377258e+00 1.044205999006037500e+00 1.060396415065043341e+00 1.094256227113239444e+00 1.081228096290371754e+00 1.074956153402908177e+00 1.069354959397175842e+00 9.915962623825760325e-01 9.357265404217205429e-01 8.296576794381034237e-01 7.933349636608333366e-01 7.681263465256688017e-01 7.252166688723385990e-01 7.509712628498536047e-01 7.009701045263574404e-01 7.042337674854406426e-01 6.811541445435989051e-01 6.931960428244656747e-01 7.110118154107480937e-01 6.967416034434463779e-01 6.960541554415894394e-01 6.713386880455539663e-01 7.148861967825068664e-01 7.518769504900441047e-01 7.594396179686546677e-01 6.961603178011845916e-01 7.052397979260224270e-01 7.619336298220128478e-01 7.301478667270383527e-01 7.369212899048684928e-01 8.235317884961649293e-01 8.126859947382104599e-01 8.687004924283842078e-01 8.061790393467770377e-01 8.229445571642290957e-01 8.641979562770886192e-01 8.255529459572579221e-01 7.848489311809970781e-01 8.349854054427916505e-01 9.154892810229648958e-01 8.998746596668626418e-01 8.755515888424268978e-01 8.420502381883238074e-01 7.672044692193554782e-01 7.071726928000043877e-01 6.901238448217602572e-01 6.744074262011051646e-01 6.687170164515632287e-01 6.376018170445496569e-01 6.805774892926307329e-01 7.079864950623766529e-01 6.810655982608828651e-01 6.584146476667016579e-01 6.434640321647183692e-01 6.345221543602324044e-01 6.384074716672012428e-01 6.812968952321485361e-01 6.931095235607278582e-01 6.427994427346210848e-01 6.645790918353683407e-01 7.075349319104583534e-01 6.290744854238367045e-01 6.330300561422662620e-01 6.445499550273877665e-01 6.275863524949293337e-01 6.908787213102525193e-01 6.465939119778026933e-01 7.439432367527148982e-01 7.213722789234627841e-01 6.550850839907176315e-01 6.389820021459355903e-01 6.627499596371676516e-01 6.773361145461506139e-01 7.019514018550666590e-01 6.701909073671300510e-01
9.042383070986487192e-01 1.010646498381016389e+00 8.356081476244410222e-01 3.547954876991124884e+00 1.124136224502468338e+02 3.813012812270826224e+00 7.061282076294688181e-01 1.032640614297596127e+00 8.996218769987279762e-01 9.392867178240540404e-01 9.323565933144407625e-01 9.668615445990960122e-01 9.301560979013863140e-01 9.456662461640692463e-01 9.434655338150581549e-01 9.468979855723330674e-01 9.729089025315379446e-01 9.893866482349243929e-01 9.813982322406038517e-01 9.683547388893796182e-01 1.014399996405529691e+00 9.989183500225290446e-01 1.036558140675393869e+00 1.027155087781032927e+00 9.936300384926608498e-01 1.049459454186062901e+00 1.076664642520175352e+00 1.091750041059671217e+00 1.069661645667901340e+00 1.095506287830912751e+00 1.039028142579846659e+00 9.955969786970320090e-01 9.375000627915681672e-01 8.738999042540781526e-01 7.748190705618966945e-01 7.626237824815932376e-01 6.983061905978348305e-01 7.116632364738725292e-01 7.010832646114649735e-01 6.993212781039097603e-01 6.791340937754622997e-01 6.858765028280153775e-01 7.021681642412884727e-01 6.801848646527559605e-01 6.671033059919911912e-01 7.112733170790870307e-01 7.144875733521452998e-01 7.074969538168177641e-01 7.057792129037906426e-01 7.378469215165687212e-01 7.093919151175058779e-01 7.171293543484037469e-01 7.545754666267968647e-01 7.670614575302396876e-01 8.315591319505178936e-01 7.707149465121212462e-01 7.881613004136492906e-01 7.839009944599767410e-01 7.818058271568087969e-01 7.896029024191609791e-01 8.801250294540567953e-01 8.297955391267721748e-01 9.304869994514421983e-01 8.642254226341606893e-01 9.098917030371732606e-01 8.453746349328133958e-01 8.241276177190336449e-01 7.479314680682026539e-01 7.030046715362644472e-01 7.338293848074463055e-01 7.020084030380169260e-01 6.582026492896215775e-01 6.691278602221012450e-01 6.869767560686659280e-01 6.306840998106896246e-01 6.334320149389335297e-01 6.277769876214911449e-01 6.519044691044519890e-01 6.474030675156862147e-01 6.393762572788427301e-01 6.275921100013054366e-01 6.640504407158304145e-01 6.890870614801349880e-01 6.584818237286074183e-01 6.474525003214661734e-01 6.389496386269049033e-01 6.867839806329389951e-01 6.225232236454580903e-01 6.684793875523130646e-01 6.539900573251111737e-01 6.457310853342161927e-01 6.811688084082268002e-01 6.822768042165230362e-01 6.440916427628781138e-01 7.022030251043525073e-01 6.961785262273355590e-01 6.687442756992956205e-01 6.452748901443746687e-01 6.728131108549265660e-01
9.452486244673884430e-01 9.352703324007131114e-01 9.778410297027070319e-01 9.473424247436181833e-01 3.813012812270826224e+00 1.081069151317713448e+02 3.569030514454201164e+00 8.155700662038003479e-01 1.013218649025140694e+00 9.491042298945592259e-01 9.690974987479019642e-01 9.460618007638424976e-01 9.602685912758283093e-01 9.469893229541951341e-01 9.468529449826305067e-01 9.482226351214154692e-01 9.833069036581429945e-01 9.852484855272501951e-01 1.002476216699999645e+00 9.727054898156654028e-01 1.010751413245967401e+00 9.998492843729429591e-01 1.020593582835569224e+00 1.047397553993290931e+00 1.041912553893697080e+00 1.056702493344200633e+00 1.066228282821539031e+00 1.063859747789955401e+00 1.072679156969886138e+00 1.083529597796168975e+00 1.088524997531080452e+00 1.014543451977615973e+00 9.313979304274573323e-01 8.536539340904049089e-01 7.803912391043348329e-01 7.460448907540511154e-01 7.433632842686814790e-01 7.074308548411585296e-01 7.243542017876783978e-01 7.070689008141725074e-01 7.044545776322784780e-01 7.161440587066599806e-01 6.836833807153431808e-01 6.878486558907610515e-01 6.983963507879277222e-01 6.901404892254300316e-01 7.265051548985226315e-01 7.195952121609849872e-01 7.453187043521773969e-01 7.290657337136667859e-01 7.300374237551556789e-01 7.863313844531580887e-01 7.995901623101082656e-01 7.478147990298629200e-01 8.179637212928922985e-01 7.389148110658330104e-01 7.873515357368272571e-01 7.968206356994093076e-01 8.228977364198925004e-01 7.992677577795017640e-01 8.407865350156822348e-01 8.616733175547228729e-01 8.566401765558249171e-01 8.687052521209075451e-01 9.283514292425890657e-01 8.615263935203327783e-01 7.840451921373422506e-01 8.067779756509123601e-01 7.259153994419521583e-01 7.220601022936917746e-01 7.005648899243909211e-01 6.374089130716967810e-01 6.338302103061101977e-01 6.325213706607436537e-01 6.589827383869851785e-01 6.426731326869041805e-01 6.874538027216439140e-01 6.254878697690243738e-01 6.187705640207187274e-01 6.249127304580848197e-01 6.190528445992948825e-01 6.068583546454986433e-01 6.267151723622522708e-01 6.627282108177504627e-01 6.590312019946708011e-01 6.280096522974026874e-01 6.393281774478323243e-01 5.980225563460680460e-01 7.026929820038555485e-01 6.551235357148198490e-01 6.376713908630750050e-01 6.564968992685716875e-01 6.333389982106443217e-01 6.486336045510565640e-01 6.135722662520698423e-01 7.237718899286362806e-01 6.663016597549137332e-01 6.399304742005841318e-01 7.072593130790802984e-01
9.525980414105340577e-01 9.324054598367723656e-01 9.300529621047058937e-01 9.869398580090711359e-01 7.061282076294688181e-01 3.569030514454201164e+00 1.080476979927894661e+02 3.090696240532999184e+00 1.033756534317161080e+00 9.436958705224047783e-01 9.157425002055762375e-01 9.582106186088327204e-01 9.735920397196268228e-01 9.603318049548742463e-01 9.705623650770820454e-01 9.602215024969864565e-01 9.974854533970645143e-01 9.906739387678514808e-01 9.934773502849824078e-01 9.807558143051624544e-01 1.008588761626416197e+00 1.003153043556875623e+00 1.017788471481172907e+00 1.004256545534313760e+00 1.037389799878650543e+00 1.080857974715003333e+00 1.076465108870512832e+00 1.073933544497808645e+00 1.065147131334470698e+00 1.095328462663871516e+00 1.063566672652772827e+00 1.005142237689656604e+00 9.361314743101711855e-01 8.274768059818751187e-01 7.665285410190566528e-01 7.315027431215054277e-01 7.033401592151784509e-01 6.983247539073244026e-01 6.847491638074023612e-01 7.155135003098326285e-01 6.990597981447160825e-01 7.212918808672910131e-01 6.943832397991422933e-01 7.057822035074539091e-01 7.184816932893955954e-01 6.799991394775577458e-01 7.054787594437196274e-01 7.340894337730170527e-01 7.002051726171466539e-01 7.096899722884290052e-01 7.261828319149145061e-01 7.420853160315278307e-01 7.464068569487908311e-01 8.004934318211739397e-01 7.662145379667684164e-01 7.479659985695183977e-01 7.869532317901457574e-01 8.115651491938722373e-01 7.995146043161787119e-01 8.494589540267160066e-01 8.268163156608995257e-01 8.227430070724972566e-01 8.800974836645741872e-01 8.604253649850658325e-01 9.489746576287017010e-01 8.540504917764366599e-01 8.253851448028507454e-01 7.734439014096750054e-01 7.722073404417949538e-01 7.126579514045657815e-01 6.639062653069821573e-01 6.873710733863918065e-01 6.768373061395923651e-01 6.540312347791138459e-01 6.579036103853226347e-01 6.168182893878552120e-01 6.133713419177424520e-01 6.481400787126673224e-01 6.055976740373231193e-01 6.732567348863536250e-01 6.863687318870983489e-01 6.128302700660172020e-01 6.029696453274377976e-01 6.923687112767126228e-01 6.918457449770351042e-01 6.622191077482726396e-01 6.547559972015214447e-01 6.766112892741861229e-01 6.519232765579382471e-01 6.547820492059420738e-01 6.672862006723967454e-01 6.805681736564431761e-01 6.248737842412850352e-01 6.190962170467247949e-01 6.565074794831297078e-01 6.802253440638275084e-01 6.855958197255865860e-01 6.758802004256058149e-01 6.633065747424408132e-01
9.372523111824028197e-01 9.390126833085858937e-01 9.563389270775148887e-01 9.075781138599640085e-01 1.032640614297596127e+00 8.155700662038003479e-01 3.090696240532999184e+00 1.092102186866038949e+02 3.425301424444386011e+00 9.665940410084805645e-01 1.012825151544923363e+00 9.402453005255412277e-01 9.490844698907088262e-01 9.558126531475205079e-01 9.772414055253583198e-01 9.697286940964960911e-01 9.509977826678561730e-01 9.505467543990717694e-01 9.762007871809456061e-01 9.830199090285477448e-01 9.915888910083526797e-01 1.002744704183657021e+00 1.017712430161352710e+00 1.027048269662998337e+00 1.013140908220854230e+00 1.053604563261450133e+00 1.066590006832266457e+00 1.065113177648702170e+00 1.071955944963611573e+00 1.070423317911588734e+00 1.060193492041462848e+00 1.029159740736813822e+00 9.156379787700548167e-01 8.455040543328123936e-01 7.667135013264386734e-01 7.313388509723544040e-01 7.131666401130883903e-01 7.115009397616203213e-01 6.880425110641317232e-01 6.778697268494853212e-01 6.706899982577299024e-01 6.859249731735431732e-01 6.464141316356623035e-01 6.687639437518940744e-01 6.927919116632068608e-01 6.986266137866041781e-01 7.224564056594471317e-01 7.258088530893801460e-01 7.322377540585018885e-01 7.100931080562269404e-01 7.366631634127712713e-01 7.221954729085131586e-01 7.401784683964064415e-01 7.408340850866041993e-01 7.570573694382797258e-01 7.800191771612261515e-01 7.986658188005507641e-01 7.934901862380270288e-01 7.918468106144022078e-01 8.167180107232551167e-01 8.556662406686404987e-01 8.603928451427045321e-01 8.984523218568143399e-01 8.801481018901914366e-01 8.976971102212796261e-01 9.088374230061162518e-01 8.288790014806335371e-01 7.831007819222831623e-01 7.323479059702582283e-01 6.986203746314738616e-01 6.930498825813730113e-01 7.106062542273853255e-01 6.410266281416764356e-01 7.059802902005132275e-01 6.238436111539097384e-01 6.040826239386999363e-01 6.066534204913852646e-01 6.169296361193402634e-01 6.484970393855477022e-01 7.232810490851828700e-01 5.958166313886841259e-01 6.980164840060093523e-01 6.011942275510485656e-01 6.217830639291715977e-01 6.516200387163945118e-01 6.689491637163638149e-01 5.996846680739180702e-01 6.937620425097804633e-01 6.457262218099711903e-01 6.545310554854726348e-01 6.307354253341034278e-01 6.642101494455838750e-01 6.482503305627903556e-01 6.349939885836831666e-01 6.229822939312397168e-01 6.990020980857626354e-01 6.227573840820492812e-01 6.472771834360805387e-01 6.469424104172132317e-01
9.293233319860133568e-01 9.463147988472524474e-01 9.515677209974029438e-01 9.534403157549447005e-01 8.996218769987279762e-01 1.013218649025140694e+00 1.033756534317161080e+00 3.425301424444386011e+00 1.119917752577447772e+02 2.979482281239991259e+00 7.797064893162247712e-01 1.008045246594253763e+00 9.084255043633630011e-01 9.509367889097287696e-01 9.304535058834031425e-01 9.381914504180771663e-01 9.598381826898436664e-01 9.664476189647710491e-01 9.737075549463979351e-01 9.697609528606002671e-01 9.590708245012606881e-01 1.000246618655769026e+00 9.918360476802521308e-01 1.013720442485130935e+00 9.861082543229680031e-01 1.033687295959309527e+00 1.034100294086292005e+00 1.046303873978535748e+00 1.032703765382530170e+00 1.063612076838222675e+00 1.067202086110283110e+00 9.989707605672120128e-01 8.997178868206230362e-01 8.219311911863637077e-01 7.473470174850956882e-01 7.331260324116355420e-01 7.227102236220682707e-01 7.093214913378566022e-01 7.027922731958673452e-01 6.748705777097719904e-01 6.801426073649370352e-01 6.858393007495746652e-01 6.902457088312120570e-01 6.723364660154422801e-01 7.119555102342761677e-01 7.132897557083974771e-01 6.604467279035771687e-01 7.012782769917250691e-01 7.107406165859865288e-01 6.879324992479175505e-01 7.298955951537545728e-01 7.401805220791208839e-01 7.569985290126894917e-01 7.504013171853477493e-01 7.676307489671195805e-01 8.145047874380835218e-01 7.321762285463598863e-01 7.789109462649567162e-01 7.899585149617482926e-01 7.749049935722163163e-01 8.409107781457412223e-01 8.341558495708094600e-01 8.393904058443332206e-01 8.954448008252167135e-01 9.020854236759158207e-01 9.058352099443937044e-01 8.417967421978280740e-01 7.959277026291640134e-01 7.057573754158061874e-01 7.047914890539551669e-01 6.737888747258529154e-01 7.401829270984979781e-01 6.292894010561288498e-01 6.554530923361514549e-01 6.571392844474430728e-01 6.492175620474738285e-01 6.497626226029622476e-01 6.796024245210872117e-01 6.707031520043089667e-01 6.684715755793023684e-01 6.322571871358686479e-01 6.171887631407427799e-01 6.990781073547053248e-01 6.930094844659677733e-01 6.350175979935630544e-01 7.050037662769566005e-01 6.296092937676512902e-01 6.123525189778005196e-01 6.176646050044757308e-01 6.301090087098023540e-01 6.210112007785901778e-01 6.504877180593435781e-01 6.424286461500484657e-01 6.987103922406346923e-01 5.946032269246969149e-01 6.331779339942819052e-01 6.957397116800680958e-01 6.245442111113798100e-01 6.329220796509270608e-01
9.263620397651275429e-01 9.429826804407109853e-01 9.678786216837059753e-01 9.500964185016839147e-01 9.392867178240540404e-01 9.491042298945592259e-01 9.436958705224047783e-01 9.665940410084805645e-01 2.979482281239991259e+00 1.081942959697845055e+02 5.101981850002315078e+00 7.361627873101612707e-01 1.007159349190471564e+00 9.299544381097398782e-01 9.600329517339983854e-01 9.316440912270559371e-01 9.551141132813480983e-01 9.635352815679412153e-01 9.652975790311797422e-01 9.499851977927286084e-01 9.579373449144197306e-01 1.016928221536540500e+00 9.896586181486752842e-01 1.001143728552421397e+00 1.044109370447443119e+00 1.039804882614195680e+00 1.037001953464107729e+00 1.064435631261186010e+00 1.066800902850842281e+00 1.045548498536121196e+00 1.079104524460831493e+00 1.027979853675693223e+00 9.694431193726313900e-01 8.310696998142744762e-01 7.611614238043084013e-01 7.390777336828104893e-01 7.312796844622596604e-01 6.851966134157926325e-01 6.645500245351816382e-01 6.991327324308598268e-01 6.917897713244574032e-01 6.863055893626803794e-01 6.920265025733609576e-01 7.022040202288563071e-01 6.960070639631870115e-01 7.046332617122773589e-01 6.676200529144096230e-01 7.464897660452816108e-01 7.312315920842882289e-01 7.415988439590593950e-01 7.138457938860391927e-01 6.828494278242029925e-01 7.409350333301113478e-01 7.330652270541867521e-01 7.726141840656233217e-01 7.695520624609735183e-01 8.110178221296708845e-01 8.451595997917370484e-01 7.877835303521220078e-01 8.048330534027596794e-01 8.026948100508617401e-01 8.470791475208574450e-01 8.584809297355345814e-01 8.944516834814391082e-01 8.729031530594552057e-01 9.038151278313005799e-01 8.256696253450779288e-01 7.722154637153084700e-01 7.322415721296212654e-01 7.188056387776337042e-01 6.840865041596365659e-01 6.644277727942191625e-01 6.305716796024865012e-01 6.392162652875810203e-01 6.194002024633042947e-01 7.330105007515728133e-01 5.783759644165231695e-01 6.279862692939696123e-01 6.499631954550809665e-01 6.078682653506832789e-01 6.891249393320457717e-01 6.802729161309782890e-01 6.630147705026233629e-01 6.252437620985664690e-01 7.407623223667573198e-01 6.175450738003085416e-01 6.154117645135146475e-01 6.819158230937903964e-01 6.738413978521007319e-01 6.621061935087039219e-01 5.645839629156160777e-01 6.491357202960849060e-01 6.307613130087982301e-01 6.438413458537662892e-01 6.560325475921930938e-01 7.049878550613322137e-01 6.398628811339179823e-01 6.545351980310486484e-01 6.498737049444602842e-01
9.350907294788632917e-01 9.420476531642595353e-01 9.508655473153606597e-01 9.275913029571160040e-01 9.323565933144407625e-01 9.690974987479019642e-01 9.157425002055762375e-01 1.012825151544923363e+00 7.797064893162247712e-01 5.101981850002315078e+00 1.118805766421187826e+02 2.576564559325761561e+00 9.532553248758220965e-01 9.169763156733693465e-01 9.530110947263625842e-01 9.401421577110042893e-01 9.509375413219245399e-01 9.715811827393812106e-01 9.702896069901632004e-01 9.599361142266481517e-01 9.902838941127534156e-01 9.867826119369649263e-01 9.774596519829586994e-01 9.888162147227218535e-01 1.006985612017028853e+00 1.009719526873805284e+00 1.024108282204105436e+00 1.049343303360706248e+00 1.025876725008383117e+00 1.066620896199833801e+00 1.042273063501942598e+00 1.019130305724020413e+00 9.110795695168686370e-01 8.253474106001833510e-01 7.545058752844437944e-01 7.246368390407960103e-01 6.955282634839622391e-01 7.388698313727432021e-01 6.556273490828433692e-01 7.036513241769724036e-01 6.624512167984311084e-01 6.558248600875473677e-01 6.741116491354629536e-01 6.644619251191486997e-01 6.637580058387357873e-01 6.833607956703080522e-01 7.025252895939468889e-01 7.111615102323786131e-01 7.073024507195662114e-01 7.078876398748108478e-01 6.893228275333707078e-01 7.117112239862046774e-01 7.134200798883374439e-01 7.346580423956102779e-01 7.308643798174669914e-01 7.699648953436140086e-01 8.003460325293306754e-01 7.947055077263972533e-01 8.020062938033104549e-01 8.023315791568728095e-01 8.170198978053970773e-01 8.676168608653531678e-01 8.357861687995550293e-01 8.362524078465449762e-01 8.646579606084523473e-01 8.842888630195562261e-01 8.383777063851541866e-01 7.893976727543478011e-01 7.332100696278041063e-01 6.732387218425381903e-01 6.631936885518066038e-01 6.339950739173769723e-01 6.451514494628811658e-01 6.559452888809320648e-01 6.741415111192943233e-01 6.443676624968902589e-01 6.795892722026483090e-01 6.420961771485164116e-01 6.212465745394103456e-01 6.529012167997024774e-01 6.376597181064654896e-01 6.273069788796424850e-01 6.401911937166964162e-01 6.212820733835915377e-01 6.524795203758502193e-01 6.126301595120754451e-01 6.546589301720030507e-01 6.622244854576874173e-01 6.216332927682862719e-01 7.220083349853251287e-01 6.169413554340814621e-01 6.612219467135633799e-01 6.318470436797717360e-01 6.787923117600370704e-01 6.427395764180017235e-01 6.028686473197983897e-01 6.307779126526457114e-01 6.598088235198334983e-01 6.488522454841143539e-01
9.399744496596006416e-01 9.608221934114891116e-01 9.720788899710136599e-01 9.494293300781240230e-01 9.668615445990960122e-01 9.460618007638424976e-01 9.582106186088327204e-01 9.402453005255412277e-01 1.008045246594253763e+00 7.361627873101612707e-01 2.576564559325761561e+00 1.072890078097154571e+02 3.409455779092173788e+00 9.613885929818923870e-01 9.699312892004353648e-01 9.452531047981193035e-01 9.577817968452019270e-01 9.535658536077643577e-01 9.599028574733067254e-01 9.675753140288209098e-01 9.808100586682757527e-01 1.006989233788580851e+00 1.001367982485031671e+00 9.957951612156846766e-01 1.009397221180805104e+00 1.030503584217486335e+00 1.018702539435807353e+00 1.057150326314967304e+00 1.075685730161813680e+00 1.085920625135079476e+00 1.059170289267974630e+00 1.015978704240189101e+00 9.183500453055077895e-01 8.281117541156852724e-01 7.604651341135958420e-01 7.334948159789167477e-01 7.091245133381685051e-01 7.138327205751189286e-01 6.989333726002406877e-01 6.806826900017103332e-01 6.725762555725898206e-01 6.855136014512823728e-01 6.833409105314622867e-01 6.830654556018933565e-01 7.085195627554490283e-01 6.916349649553672485e-01 7.206333357300978015e-01 7.199523614933948101e-01 7.069413867346457936e-01 7.327426039671351976e-01 6.934101993654298024e-01 7.430368358492117631e-01 7.567279499148023003e-01 7.605510487393463137e-01 7.670113828169295989e-01 7.728890370043721703e-01 7.681389682057355728e-01 8.048849752835554039e-01 8.465846709993123387e-01 8.026226840787259453e-01 8.667447646195470812e-01 8.234376168955526154e-01 8.872263851063147966e-01 8.739733097983675147e-01 8.475945336244239403e-01 8.778041044970625872e-01 8.147205552687463159e-01 7.535359458930186438e-01 7.217703981526639723e-01 7.274936930133412138e-01 6.547345717541884769e-01 6.865860117079923830e-01 6.801212789062834885e-01 6.398128723106809579e-01 6.454636311868633403e-01 6.277780412630137308e-01 6.717590946627202131e-01 6.233878519147650898e-01 6.631127149223985384e-01 6.387254607564558651e-01 6.346024448316250899e-01 6.200757217447706582e-01 6.449282153875289803e-01 6.388104692249960692e-01 6.363985275509893569e-01 6.106053549278753767e-01 6.241050669849035337e-01 6.430770629253720339e-01 6.797502554395065122e-01 6.381762647556354917e-01 6.358748038625270382e-01 6.149391327647203420e-01 6.617866589656753451e-01 6.261312890211252480e-01 6.229522288870587010e-01 6.681753900022657788e-01 6.552280579130910221e-01 6.491781464601821261e-01 6.720355888790298104e-01
9.712463020853985274e-01 9.544918722433857194e-01 9.690687520765728369e-01 9.489089972575364129e-01 9.301560979013863140e-01 9.602685912758283093e-01 9.735920397196268228e-01 9.490844698907088262e-01 9.084255043633630011e-01 1.007159349190471564e+00 9.532553248758220965e-01 3.409455779092173788e+00 1.097615352419351495e+02 3.196744429237076801e+00 9.128766770560184929e-01 9.864509047416940568e-01 9.284519018614389996e-01 9.589180912998065409e-01 1.001203481674610485e+00 9.938885600433738921e-01 9.750361027447643769e-01 9.443506224607041144e-01 9.875486720895932935e-01 9.865518005828260995e-01 9.914269551516804446e-01 1.016157173246445389e+00 1.026916616012094829e+00 1.032642846017088445e+00 1.059010072197429153e+00 1.078563632719729659e+00 1.058240123360310481e+00 1.021183662550531723e+00 9.123566037958068531e-01 8.373397870084391403e-01 7.417625541765210384e-01 7.288403160695813288e-01 6.690760607750799727e-01 6.882685079248559434e-01 6.715055769752689141e-01 7.086370798318267772e-01 6.730494321204563146e-01 6.670697728609745747e-01 6.923176728399780266e-01 6.819534929741546403e-01 7.197699031173180328e-01 6.897033732020999564e-01 6.839834038695350449e-01 6.907716784596963366e-01 7.128140732327108431e-01 6.925008555943605870e-01 7.329045189884002554e-01 7.110071453909605488e-01 7.274028185108714073e-01 7.447382658672458966e-01 7.942897743313751535e-01 7.814019064238566514e-01 7.842429904793201123e-01 7.647641651303246357e-01 7.852740360737026082e-01 8.224639070564612187e-01 8.652105730264699757e-01 8.327003093851144122e-01 8.595133971999975309e-01 8.643188995236837924e-01 8.703016448164899721e-01 8.643663578181768337e-01 8.182691442404378401e-01 8.025061964675516135e-01 7.640172470804464933e-01 6.897217450476740286e-01 6.629260380295891597e-01 6.690127378093622124e-01 6.193902695658690671e-01 6.358941927025960617e-01 6.726367411476508185e-01 6.399579712512630802e-01 7.099732359909659563e-01 6.308016366784261475e-01 6.694245595610585076e-01 6.349453769894740640e-01 6.669404873931629174e-01 6.043288777259037126e-01 6.293844265907717617e-01 6.338979989905623169e-01 6.535597553763983214e-01 6.010972834066399262e-01 6.376471528902160069e-01 7.348972110108134004e-01 7.827846362909535172e-01 6.307042422469683052e-01 6.450426257647672301e-01 6.169556812583645300e-01 6.517489354629092402e-01 6.821738277576682163e-01 6.319326302092289627e-01 6.360538526165888662e-01 6.011921641141312334e-01 6.388580745088843216e-01 6.521109154941546748e-01
9.569651095222619919e-01 9.699741176994003400e-01 9.530895773134711035e-01 9.530045396330260044e-01 9.456662461640692463e-01 9.469893229541951341e-01 9.603318049548742463e-01 9.558126531475205079e-01 9.509367889097287696e-01 9.299544381097398782e-01 9.169763156733693465e-01 9.613885929818923870e-01 3.196744429237076801e+00 1.114214628787248671e+02 3.827460931241428277e+00 8.406033458206665365e-01 1.005710660342451712e+00 9.206476354708176268e-01 9.467516862513387643e-01 9.536262531336805459e-01 9.596527052982077866e-01 9.673981814113864486e-01 9.812419884920327018e-01 9.942395624289694922e-01 1.015577427522482035e+00 1.014121805008997290e+00 1.012296067521959442e+00 1.039648684790880129e+00 1.026775772437402479e+00 1.065281491435803529e+00 1.052354131250274216e+00 1.010500239189026539e+00 9.155070030206112763e-01 8.107637251586472527e-01 7.302343482118124340e-01 7.041989206416233715e-01 7.120685357067064736e-01 6.819030924727489396e-01 6.664676197864918272e-01 6.759883836801487966e-01 6.631341630168635648e-01 6.677135378377817565e-01 6.969153791181160740e-01 7.049219406491747941e-01 6.536835401509126786e-01 6.583642294812921403e-01 7.040900280885182827e-01 6.728356435570950200e-01 7.027447187554828334e-01 7.054461440542721951e-01 7.021325084928208282e-01 7.178674935111691857e-01 7.454222295335347637e-01 7.620620312955561637e-01 7.502825955526324364e-01 7.569787091717550265e-01 7.876076049641949073e-01 8.255221160831830440e-01 8.029659687509506094e-01 8.320050476001570328e-01 8.281876609234388731e-01 8.583051003102569743e-01 8.905442209862058922e-01 8.650724650738628174e-01 9.307354751373067003e-01 9.010172112178963522e-01 8.213783435562800328e-01 7.811049602829565064e-01 7.100782208026210629e-01 7.494407788491097566e-01 6.760782960568096911e-01 6.603202439147101144e-01 6.303770849590931702e-01 6.443542408025141333e-01 6.323640488885866606e-01 6.272070510808713806e-01 6.575619459107313602e-01 6.255061241931395566e-01 6.305299910135963026e-01 6.151336049598595812e-01 6.598328538269143673e-01 5.942399282851660303e-01 6.605685793715456722e-01 6.438556293328334679e-01 6.169821329921547637e-01 6.531299318438095192e-01 6.328229501233614274e-01 6.564116225085645517e-01 6.547296272629222758e-01 6.320416276419855706e-01 6.270229836757850173e-01 5.890217198689892131e-01 6.369164834319718249e-01 6.471286216046724382e-01 6.034535917085621648e-01 6.377123197613342453e-01 6.369955310549638705e-01 6.756493014186645274e-01 6.648805577810315004e-01
9.538748463201872640e-01 9.655185719217284079e-01 9.433687195460671582e-01 9.880559355920922604e-01 9.434655338150581549e-01 9.468529449826305067e-01 9.705623650770820454e-01 9.772414055253583198e-01 9.304535058834031425e-01 9.600329517339983854e-01 9.530110947263625842e-01 9.699312892004353648e-01 9.128766770560184929e-01 3.827460931241428277e+00 1.107387716434472793e+02 2.981013918199424406e+00 9.439322870038793223e-01 9.737798699242572464e-01 9.611274140709435976e-01 9.588725946931107025e-01 9.576497505513362762e-01 9.657673867968685766e-01 9.795131596978149391e-01 9.808302384368736693e-01 9.694983240745405073e-01 1.009855209618468086e+00 1.013978911341257838e+00 1.026938398825262277e+00 1.031188196984085703e+00 1.052793335219793347e+00 1.054252138335503020e+00 1.000299710184622493e+00 9.227360142436584756e-01 7.902775365055991763e-01 7.343094142996634544e-01 7.061328375390696355e-01 7.157517750713487947e-01 6.924959584201687557e-01 6.868617989142716818e-01 6.678700973186569856e-01 6.634864202538952593e-01 6.626711862442169476e-01 7.011677444695374462e-01 6.725462343633770157e-01 6.473839117269166721e-01 6.812904146475925460e-01 6.768827937004489037e-01 6.967766085080931981e-01 7.025658914366026409e-01 7.283477315162472099e-01 7.219573330193329586e-01 7.248312878470840603e-01 7.275537605855273426e-01 7.518888120006886888e-01 7.679092305580080824e-01 7.478333366237375213e-01 7.898598828616314460e-01 8.194843265813284150e-01 8.204552676226309904e-01 7.960833435855672047e-01 8.840898970039331450e-01 8.665116407588728809e-01 8.661030505403650714e-01 8.992373285006346473e-01 8.646392052332099176e-01 8.552813713332093615e-01 8.582932688803704968e-01 8.070377843570090137e-01 7.468289929788520798e-01 7.121507220321099396e-01 7.204021258294331931e-01 6.319086628197052580e-01 6.758984137574771678e-01 6.612882605261282132e-01 6.396156720781482896e-01 6.602741700348110365e-01 6.331540863186507773e-01 6.565377249264159332e-01 6.145157717015908849e-01 6.305901391958808055e-01 6.384530193079545057e-01 6.253247270264636892e-01 6.169802534772474978e-01 6.333375645974895773e-01 6.517925133025962436e-01 6.254352677229608748e-01 6.239903461849407584e-01 6.581486185603621086e-01 6.166352788757057946e-01 6.538746099833699921e-01 5.816142686812832974e-01 6.252489758729927738e-01 6.730799292474765050e-01 6.583066308288102464e-01 6.378460991537037161e-01 6.998674089018835920e-01 6.657672515997176133e-01 6.531021466161992528e-01 6.444150444315595028e-01
9.787461493047966421e-01 9.652630082406211676e-01 9.576099348102358189e-01 9.558440767619961198e-01 9.468979855723330674e-01 9.482226351214154692e-01 9.602215024969864565e-01 9.697286940964960911e-01 9.381914504180771663e-01 9.316440912270559371e-01 9.401421577110042893e-01 9.452531047981193035e-01 9.864509047416940568e-01 8.406033458206665365e-01 2.981013918199424406e+00 1.157671952669405186e+02 2.491578946831264130e+00 8.067784612981194758e-01 9.485698880321292714e-01 9.519212561862367972e-01 9.847681424493055502e-01 9.595427509864669080e-01 9.551845188830295763e-01 9.773800741867577635e-01 9.922477875966687622e-01 1.004853444799612472e+00 1.007885623240089901e+00 1.026610016856975394e+00 1.025769485222966182e+00 1.030102812921555033e+00 1.054512596081834896e+00 1.003425466812920774e+00 8.936489060949045493e-01 8.008975851982627070e-01 7.218680027908035424e-01 7.186916384850688955e-01 7.034960298933709000e-01 6.899014085972251520e-01 6.761121035001934620e-01 6.633568617679782564e-01 6.719351496544400115e-01 6.888679670347765960e-01 6.795958912144155484e-01 6.743984224001163819e-01 6.794891115273682392e-01 6.715272601962396504e-01 6.861259195423782264e-01 7.070895584212925078e-01 7.085896277784564656e-01 7.135335326272899126e-01 7.291429864954990236e-01 7.381057610855114026e-01 7.712571386577048438e-01 7.522631869419044159e-01 7.770901453920070479e-01 7.695427530426887097e-01 7.904215132832288493e-01 7.777860866491450587e-01 8.261797558141641407e-01 8.174676713527789795e-01 8.433078753319280807e-01 8.800255516386050747e-01 8.761938259451286237e-01 9.266922259624490454e-01 9.049017499122720132e-01 8.931552373023451397e-01 8.624085511283772210e-01 8.123682155561766649e-01 7.521648924030036598e-01 7.181179714817930160e-01 6.890170568267907081e-01 6.827709671456732021e-01 6.542562483857495836e-01 6.369382041028031072e-01 6.304824645694365737e-01 6.047041745969756743e-01 6.464076296777129249e-01 6.079881248697710516e-01 6.550584210914301986e-01 6.466539263443225050e-01 6.238958437779607014e-01 6.344527818005547548e-01 6.370198172603231956e-01 6.196526605148723332e-01 6.689674651067962774e-01 6.481412851113794726e-01 6.607172026150408550e-01 6.457886774398750029e-01 5.983339880467346550e-01 6.165125404556427435e-01 5.957378994433597530e-01 6.328279237049148076e-01 6.369846778528543974e-01 6.711204340634508991e-01 6.349541738838064830e-01 6.605866836228750927e-01 6.613762902101828489e-01 6.481014468655287297e-01 6.562649058317604478e-01
