1.276936350551400636e+02 3.323334153896784660e+00 1.056031071938362764e+00 9.470780418871602713e-01 8.921770158594733990e-01 9.252488874716383593e-01 9.264994987269467019e-01 9.320001486466390483e-01 9.188035023121993161e-01 9.353352640290480968e-01 9.104576846027659931e-01 9.434691819381989530e-01 9.481999734335163632e-01 9.355311222187876474e-01 9.434295452284269246e-01 9.676884946607248184e-01 9.833943181320046190e-01 9.906380401544812031e-01 9.518782936032768038e-01 9.586302411231462095e-01 9.922598114942381420e-01 9.740530854209138445e-01 1.026242748590876053e+00 9.983087966389926349e-01 9.987863323594999843e-01 1.065487916142290992e+00 1.051633561080887347e+00 1.084713054728483783e+00 1.039862232899548378e+00 1.071235874260392462e+00 1.034934555129402689e+00 1.059350096373107064e+00 9.671291263231834856e-01 8.845928231480753023e-01 7.702622909351484193e-01 7.697089750370328387e-01 7.430750483289906283e-01 7.277136426669330582e-01 7.496429504567314606e-01 6.952860644571142723e-01 7.064870603732286147e-01 6.905450808628220694e-01 7.365559000679731128e-01 7.464397124790885796e-01 7.122080925913683025e-01 7.319665367682239854e-01 7.049726517287893124e-01 7.328453197229823912e-01 7.197670648066339938e-01 6.934330256197869247e-01 7.240768196090758835e-01 7.457218738278892367e-01 8.060279318772713975e-01 8.004085181955465922e-01 7.883734887392589430e-01 7.904397763346302508e-01 8.195355021618290214e-01 8.557580900886726516e-01 8.491374709226001682e-01 8.447285689798167407e-01 8.532365085821314032e-01 8.880833723740628738e-01 8.606516119663948361e-01 9.524071427725130379e-01 9.167457324128935880e-01 8.958836027675542990e-01 8.054060030606171594e-01 8.555599257166894844e-01 7.790813940511455149e-01 7.213333695973572768e-01 7.003373362860894069e-01 7.424557794587861581e-01 6.880566630000054529e-01 6.256218889373155179e-01 6.819747400574734941e-01 6.300801789716783396e-01 7.084114684023837816e-01 7.593111235822064264e-01 6.568624071509202578e-01 6.329087567306757034e-01 6.768535563453088599e-01 6.518120925819782530e-01 6.692610737168258606e-01 6.696007638529104522e-01 6.661125261613188853e-01 6.345694250666039649e-01 6.964703409659094291e-01 6.373695994230309525e-01 7.091595465579930702e-01 6.950521824710201857e-01 6.883471410976383931e-01 6.620129604964044567e-01 7.369160829686755010e-01 6.650130537730798430e-01 7.451492480248390615e-01 6.681358037436381236e-01 6.447980335260513618e-01 6.868745559812253765e-01 7.159704023370578874e-01
3.323334153896784660e+00 1.315189150281833292e+02 3.728327545968389778e+00 7.496236802886582229e-01 9.989230121696680564e-01 9.292953844994559232e-01 9.164211164017670441e-01 9.369986913174683796e-01 9.368327916669596522e-01 9.452036761968515277e-01 9.289041185898714303e-01 9.383645009117879132e-01 9.412791766515533620e-01 9.429905531510834882e-01 9.671247214686000682e-01 9.446263071808400635e-01 9.558140467272674412e-01 9.468466640701098669e-01 9.706180916208847487e-01 9.836440073003659412e-01 9.973993721801515111e-01 9.965659619857383245e-01 1.008829916865140897e+00 1.006477969384493187e+00 1.001305769286874536e+00 1.087609081445108927e+00 1.070848560683472117e+00 1.093106369966837965e+00 1.104114255993987603e+00 1.126280096685804200e+00 1.114582591058688843e+00 1.034375103543124341e+00 9.590523137067905601e-01 8.563695355500384743e-01 8.081698629831912672e-01 7.619353473345877870e-01 7.357174359607335790e-01 7.158628227008566602e-01 7.352358327120912529e-01 6.726924731657845102e-01 7.376019784803069523e-01 7.422774981421619289e-01 7.201897274173354457e-01 7.408847737087664864e-01 7.148295562756391552e-01 7.569963984212872976e-01 7.332871883940670354e-01 7.189340577450784586e-01 7.117123687809493449e-01 7.158865957641238342e-01 8.011610656333173486e-01 7.519879831528354375e-01 8.022558546770630628e-01 7.942428576955747888e-01 8.055520288564280706e-01 7.731518836472232037e-01 7.684432626832357061e-01 8.068298821977398783e-01 8.176329148005084813e-01 8.293472732193387653e-01 8.702035598139594708e-01 9.834094779965620869e-01 8.941152423523323067e-01 9.337331913248966275e-01 9.257373706487324050e-01 8.975023458916548957e-01 8.013789084780265082e-01 7.903228475744811243e-01 7.431221330688063675e-01 7.432955772225486868e-01 6.420772342899117024e-01 7.338102097767278398e-01 6.723174440434039889e-01 7.044239926259586726e-01 6.381023407239548861e-01 6.688401951605854601e-01 6.721125186462096890e-01 6.543659755291720836e-01 6.262939586525746449e-01 7.069483067608126614e-01 6.444496954750967843e-01 6.211238900739176616e-01 6.417031212299898479e-01 6.933949847648126497e-01 6.749308120590750137e-01 6.609771626554848956e-01 6.838567369025445597e-01 6.660685070418548293e-01 6.772592390346910962e-01 6.804452959244644550e-01 6.479785700916198543e-01 6.205857756708511586e-01 6.824735537877602010e-01 6.567404977775566088e-01 7.030451628834121225e-01 6.548287270709558516e-01 7.085481855484572211e-01 6.267314460094844941e-01 6.370501465358261450e-01
1.056031071938362764e+00 3.728327545968389778e+00 1.292962400642893499e+02 3.638811664589041150e+00 7.400254541982120848e-01 9.674936302254547593e-01 9.092351983904707335e-01 9.392404776918681364e-01 9.203375089552020549e-01 9.350860778323824007e-01 9.450981381802538994e-01 9.595481017834579518e-01 9.437177832271639311e-01 9.497948181691587832e-01 9.649384840794890117e-01 9.469015122591927236e-01 9.642071881902316566e-01 9.714840404096014570e-01 9.941053026206189136e-01 9.900219776375305258e-01 9.907285687288486242e-01 9.794532772850186308e-01 1.015156455844644645e+00 1.022066798684914346e+00 1.010182318351137143e+00 1.032531405078944919e+00 1.044160053777602126e+00 1.105787526669756771e+00 1.120481137237212987e+00 1.098863872071714098e+00 1.079810607087329899e+00 1.053963515072930068e+00 9.650400505683605079e-01 8.858125567775235742e-01 8.026046371794440804e-01 7.769074112735273596e-01 7.574739961598647708e-01 6.944884176738189696e-01 7.573630684803488444e-01 7.298193001282887726e-01 7.389197675040858337e-01 7.043443033209915161e-01 7.253746426321571183e-01 7.228665763002130040e-01 6.954509641994952585e-01 7.016205336435756834e-01 7.701872125883914011e-01 7.331357033853074245e-01 7.107758729015131172e-01 7.340911699255279199e-01 7.260692998611241178e-01 7.462907795322628601e-01 7.916697460854473789e-01 7.346415354759492367e-01 8.063421550586707953e-01 8.107894500899187618e-01 7.960625942480469286e-01 8.061056397838971543e-01 7.680489932929466246e-01 8.638294392860513815e-01 8.553201797420794117e-01 8.383288586081272253e-01 9.513203086761352623e-01 9.426483491522764657e-01 8.876850391249857530e-01 8.848120503280101357e-01 8.780583715052401317e-01 7.554808658456967363e-01 7.686526518489257276e-01 6.957275833494908079e-01 7.194882350693515560e-01 6.855400701156144638e-01 7.088324362850201288e-01 6.585577750582253254e-01 6.410740536732683070e-01 6.836807558891604408e-01 6.842274769425363834e-01 6.846142781441399983e-01 6.248070688068237954e-01 6.842308882669175807e-01 6.377273749422812665e-01 6.404156805700832455e-01 6.828484053993949532e-01 7.072543830038794388e-01 6.788849505425185171e-01 6.784443667788934151e-01 6.500850238250119872e-01 6.093478325790436800e-01 7.097372983170350258e-01 7.560561332243268540e-01 6.533351824596186352e-01 6.246768704188891963e-01 6.748584039888881891e-01 6.822848068210118910e-01 6.622446184155738047e-01 6.770585891841941484e-01 6.478145009354464579e-01 7.239280414158726362e-01 6.720670871855506379e-01
9.470780418871602713e-01 7.496236802886582229e-01 3.638811664589041150e+00 1.291177790558230356e+02 4.133153923400950447e+00 9.732987718229291207e-01 9.980013067066094701e-01 8.992398065187238165e-01 9.527067476793944500e-01 9.219903865689458300e-01 9.160836995406529404e-01 9.312439610360058184e-01 9.663126551382601459e-01 9.420442448978297856e-01 9.493989910163672663e-01 9.591793250024079898e-01 9.716163886496256286e-01 9.797702594846749991e-01 9.893025673133674092e-01 9.954602125020187708e-01 9.985705728672380488e-01 1.003902015428220107e+00 9.966409217577247848e-01 1.007146448839788544e+00 1.021345952860241768e+00 1.044347227916967658e+00 1.087304742755775600e+00 1.068326542747881858e+00 1.060103618306157625e+00 1.076608949883347766e+00 1.057835392133768426e+00 1.053089955702066982e+00 9.447532206586283232e-01 8.618232761572317546e-01 7.617107585308963147e-01 7.499357579635503868e-01 7.314350559115778694e-01 7.151385626699383602e-01 7.518953036357119979e-01 6.986508101529506076e-01 7.032243285468687821e-01 6.965431890170991069e-01 7.145427552767722457e-01 7.201042801280473915e-01 6.799407867886771983e-01 7.321679804753128407e-01 7.390106463055380326e-01 7.469397486159004007e-01 6.980954595583501732e-01 7.304785312768201644e-01 7.378274474075943168e-01 7.331798319134201769e-01 7.699103240680412741e-01 7.539597450892883135e-01 7.905394800291496438e-01 7.618465843673406512e-01 8.046895171890113829e-01 8.462098217700675384e-01 7.723916891393131090e-01 8.427874315870469424e-01 8.471888414957013946e-01 8.557568480449296855e-01 8.687148812837357514e-01 8.537056100547909532e-01 8.964615323537139524e-01 8.877719068483690412e-01 8.439191322915476912e-01 7.947945436776799877e-01 7.524590097651921994e-01 7.216159874652244843e-01 7.185161810014178974e-01 7.309464487412535849e-01 7.043659064805095626e-01 8.109790996567631804e-01 6.747840554622680509e-01 6.635539314531134769e-01 6.283991614343723553e-01 6.676713903395866678e-01 6.289368629519077603e-01 6.376527229985180512e-01 6.500495028367961892e-01 6.668377179853843817e-01 7.511508803161531800e-01 6.669674950298064564e-01 6.306268869375671882e-01 6.596892161095689877e-01 6.659166316511208050e-01 6.782107021069722075e-01 6.529823674499063424e-01 7.079667074886497602e-01 7.024316631076231721e-01 6.128563573402738829e-01 6.277062552206486012e-01 6.290780972139042859e-01 6.110774875302235065e-01 6.185183585454909760e-01 6.615500324777958685e-01 6.621041951792301372e-01 6.533857819857922244e-01
8.921770158594733990e-01 9.989230121696680564e-01 7.400254541982120848e-01 4.133153923400950447e+00 1.285980061103843752e+02 4.274709525145391709e+00 6.459174998773059562e-01 1.027824180049782266e+00 8.750935475985477385e-01 9.222478424932815111e-01 9.143850906766139985e-01 9.411858863215356585e-01 9.280441716144480768e-01 9.368226890659572259e-01 9.376524275542137410e-01 9.573613249736866448e-01 9.602748684566676518e-01 9.515695895737474874e-01 9.523891298490972934e-01 9.873273828921541595e-01 9.902182451821446296e-01 1.004762835822959000e+00 1.018989756806276459e+00 1.007815851267954699e+00 1.010449228986062042e+00 1.044241013813093533e+00 1.044982841294331166e+00 1.045879695198796311e+00 1.064832189300944476e+00 1.048286068256345516e+00 1.056223770956874919e+00 1.032133833780848997e+00 9.858587581489697271e-01 8.810272287339415698e-01 8.100330544007836586e-01 7.405901427921350866e-01 7.145131510505080552e-01 7.321484577279528949e-01 6.724423353097565004e-01 7.070253247310855915e-01 6.971330914362271480e-01 7.086229316014260871e-01 7.046295587722669618e-01 7.147975081610145054e-01 6.845799546439058636e-01 7.328036067539318577e-01 7.390749042572010152e-01 7.298191438758580007e-01 7.400572471489237358e-01 7.856016792089287604e-01 7.145899342864752146e-01 6.873002487269495031e-01 7.254864944973788976e-01 7.614254427158584360e-01 7.691264313328903812e-01 8.457580383466150042e-01 7.921824723004468050e-01 7.915691263053634685e-01 7.790067117053482981e-01 8.210804140805892937e-01 8.764540990230138551e-01 8.418768530294191699e-01 8.477937915180664419e-01 8.872505733241322634e-01 8.499527954848651312e-01 8.366672167521106429e-01 8.260219021334400669e-01 7.443970990818810085e-01 7.988886935610506335e-01 7.334393083387122925e-01 6.751738595500306195e-01 6.881439297887936846e-01 6.460188382162221910e-01 7.005478160904170526e-01 6.625883906951628433e-01 6.647289759633446815e-01 6.333671760782014770e-01 6.570497399261480131e-01 6.361724308764610258e-01 6.733041261284204992e-01 6.291004958628892973e-01 6.625845479034514485e-01 6.446004100760036604e-01 6.720340164201565880e-01 6.628189280827103680e-01 6.670988815391107885e-01 6.780248425735228013e-01 6.373038857857844519e-01 6.591310286400079432e-01 6.609120161633775803e-01 6.129639559533518467e-01 6.294923896412737419e-01 6.326005316823388736e-01 6.789884425878861540e-01 6.477861879997459660e-01 6.499555693476274376e-01 6.404311338756689675e-01 6.564118267035917720e-01 6.492424498833760937e-01
9.252488874716383593e-01 9.292953844994559232e-01 9.674936302254547593e-01 9.732987718229291207e-01 4.274709525145391709e+00 1.287886090202480887e+02 4.222848075202550788e+00 7.450311852068266516e-01 9.987337218899814406e-01 8.926293810184823263e-01 9.185349967233453761e-01 9.308627471414736565e-01 9.437992048480715601e-01 9.328603817039848867e-01 9.621789127746640524e-01 9.714349109756776901e-01 9.516476366299227996e-01 9.425423427341022009e-01 9.708685944182352534e-01 9.702084358327810465e-01 1.017135156093803339e+00 9.845839481331601917e-01 9.873122705134569355e-01 1.019132456751844718e+00 1.015820763172002872e+00 1.041627129827242371e+00 1.049096032534114098e+00 1.037586492443145936e+00 1.058137029317699040e+00 1.078142375171368350e+00 1.037356610288390879e+00 1.064470156243636056e+00 9.446971002141997253e-01 8.664952565305171772e-01 8.010040471999309020e-01 7.724885192043374760e-01 7.459050176033354962e-01 7.343654504072625322e-01 6.786768936419145248e-01 7.787597814272118057e-01 7.427721814528914779e-01 6.854757345089415033e-01 7.394258151186535732e-01 7.315194109482135998e-01 7.341325026137534016e-01 7.493755039888203573e-01 7.231331101153851693e-01 7.363189866843043996e-01 7.547636359841689568e-01 7.309077057764385987e-01 7.633147392156437450e-01 7.338953565115133859e-01 7.710919688469003441e-01 7.872991978783876466e-01 7.430135035312541714e-01 8.057845906079231790e-01 7.666521458394627286e-01 7.701056058742792310e-01 8.245410411688565144e-01 8.515234633079369342e-01 8.604253714333061076e-01 8.605379190987677562e-01 8.716953280742858468e-01 9.013660990346885615e-01 8.931632880077052805e-01 8.590158962987179958e-01 7.879461630933911609e-01 7.904060884004515675e-01 8.861905697539714799e-01 7.531938747666168110e-01 6.648669002912899195e-01 6.572276283511232498e-01 6.843667243508183562e-01 6.808560863956995002e-01 6.464714891354292892e-01 6.859745261453732423e-01 6.104967667820401234e-01 6.594054403254734353e-01 6.711239322670126128e-01 6.707417452032230498e-01 6.375810481366596116e-01 6.843036176221855005e-01 6.446280949175647867e-01 6.162728004673124760e-01 6.571593568569955579e-01 6.106860666759632572e-01 6.553473530981734907e-01 6.585315047868373073e-01 7.129508340660414278e-01 6.741429547997489502e-01 6.365873697031948497e-01 6.465633376712222047e-01 6.331932483401589984e-01 6.790201918059671771e-01 6.760268063254381010e-01 7.056011345144078684e-01 7.808734621412448673e-01 7.352179278930470741e-01 6.276001496387537681e-01
9.264994987269467019e-01 9.164211164017670441e-01 9.092351983904707335e-01 9.980013067066094701e-01 6.459174998773059562e-01 4.222848075202550788e+00 1.267997089250973062e+02 3.473231461008442267e+00 1.085048937404606173e+00 9.558039282944130743e-01 8.969005283169332321e-01 9.469442251284034828e-01 9.416927405781436722e-01 9.472254645823624530e-01 9.607508366179123849e-01 9.462668404618718165e-01 9.666508769694849290e-01 9.418850206747173548e-01 9.533667361786583028e-01 9.729645833798165055e-01 1.005019231525054346e+00 9.774436575336318267e-01 9.800629168028909266e-01 9.986455484900749191e-01 1.027861022998352913e+00 1.059637405302837676e+00 1.036379837065305454e+00 1.051682596834889960e+00 1.036294891531780227e+00 1.065884729233125938e+00 1.069081892340886908e+00 1.010444711534672857e+00 9.789719281754851732e-01 8.443200484568905706e-01 8.049736293535587617e-01 8.572490671357672065e-01 7.581839675884753937e-01 7.259406753491476350e-01 7.114871976428615019e-01 6.906664143261295186e-01 7.228882424049578592e-01 7.070851502842703251e-01 7.283817591632639754e-01 7.304500232231846413e-01 6.993068213039068670e-01 7.311310356102067587e-01 7.051080054737119962e-01 7.208007686406998626e-01 7.298033431214402400e-01 6.995794125291380228e-01 7.063302815839358484e-01 7.372338760879449948e-01 7.547961013615628323e-01 7.839889037139952110e-01 8.008842910315434604e-01 7.576933987339294907e-01 8.114837676911863529e-01 8.309480853222419583e-01 8.512928252379704519e-01 9.300186132868766276e-01 8.849729784432643909e-01 8.774689761331946336e-01 9.089471443942707118e-01 9.386416940630027961e-01 8.866667292503089826e-01 9.067983336435319064e-01 8.256993645475321220e-01 7.997079652279255324e-01 8.023552864401061191e-01 7.187457698334057676e-01 6.902004396144861831e-01 6.747426944777109581e-01 6.963891288667355406e-01 7.011565543250747323e-01 6.376807598651796916e-01 6.609410441609370190e-01 6.214003443146541850e-01 6.320448985104341055e-01 6.900813154629193980e-01 6.201798763522834435e-01 6.215156038050954068e-01 6.873727202908137546e-01 6.776787083498432285e-01 6.790485186027762632e-01 7.282731639928334832e-01 6.875963209155423472e-01 6.667445079795430996e-01 6.547806674479873523e-01 6.693856826344798394e-01 7.171229616258634199e-01 6.660874726393752887e-01 6.452609401213522666e-01 6.252300801356148741e-01 6.224498379988321339e-01 6.872593940783625621e-01 6.420320930120557712e-01 6.009823738111816915e-01 6.969393886550536710e-01 6.832159530520478530e-01
9.320001486466390483e-01 9.369986913174683796e-01 9.392404776918681364e-01 8.992398065187238165e-01 1.027824180049782266e+00 7.450311852068266516e-01 3.473231461008442267e+00 1.240677653999518668e+02 3.703482805479128004e+00 8.898764496586043515e-01 1.016507918180517667e+00 9.056732451567809372e-01 9.339433959276454145e-01 9.295278067125998245e-01 9.297886537904990201e-01 9.441780987440983042e-01 9.482020179132387705e-01 9.619413943101436937e-01 9.610356458958307924e-01 9.648809919399768953e-01 1.000799585852314877e+00 9.860281030455858575e-01 9.916126278106746073e-01 1.010949621160349698e+00 1.021670166706906802e+00 1.021437391275635598e+00 1.055550500619930165e+00 1.025164511304043957e+00 1.072835727457952970e+00 1.069196810151928245e+00 1.078545842147117462e+00 9.941051375862277606e-01 9.422003122516936502e-01 8.462163539948081015e-01 7.744356907456070305e-01 7.504902866280541707e-01 7.424247198560826044e-01 7.131980527579274698e-01 6.865775359191615967e-01 7.172215601033613552e-01 7.103527747570119733e-01 6.856077719771113133e-01 7.191690966523948125e-01 7.083738527603820057e-01 6.998521345331349952e-01 7.051086359780235346e-01 7.018196262302673905e-01 7.019393701692555609e-01 7.042818413069533712e-01 7.401293385421834348e-01 7.294446034719826999e-01 7.401884142696546487e-01 7.330530725237365264e-01 7.550782798384216843e-01 7.757872058648600522e-01 7.494126807081531449e-01 8.254838771731323188e-01 8.387488909659345238e-01 8.269476407976147359e-01 8.457350573650216363e-01 8.521852308574814350e-01 8.821966266023286707e-01 9.126795577339297250e-01 8.783632477627181245e-01 8.769242202460070246e-01 8.987589245533568194e-01 8.287875476643075112e-01 7.798947488576829512e-01 7.589054623748545669e-01 7.294716482847329875e-01 7.294954287734939369e-01 6.983902378105077968e-01 6.692921360753583127e-01 6.749412154601306391e-01 6.486369220821253112e-01 7.189144168070490393e-01 6.121748689654226139e-01 6.879301495222600593e-01 5.853941699033399226e-01 6.205103668847141707e-01 6.720646206684703916e-01 6.591830604979382890e-01 6.768111083662434746e-01 6.602633236206351119e-01 6.372919094350509850e-01 6.122117532536683893e-01 6.404759142961899965e-01 6.022317983954925680e-01 6.618096351987693415e-01 7.152450201362341442e-01 6.437339170033949953e-01 6.372736955369042722e-01 6.797507356564920222e-01 6.190631622352679164e-01 7.075982584849517254e-01 6.762663674343647457e-01 6.312365151730592316e-01 6.923857298495904589e-01 6.584912568698106927e-01
9.188035023121993161e-01 9.368327916669596522e-01 9.203375089552020549e-01 9.527067476793944500e-01 8.750935475985477385e-01 9.987337218899814406e-01 1.085048937404606173e+00 3.703482805479128004e+00 1.285226977868770746e+02 3.568507067476049066e+00 7.273880991664690709e-01 1.000471532677564390e+00 8.962235248894986350e-01 9.235631617967088314e-01 9.243289029390486800e-01 9.372672792209968406e-01 9.350537636423268406e-01 9.398667446191152353e-01 9.474113890308816233e-01 9.546605177862631519e-01 9.956740712860572273e-01 9.825976490696900489e-01 9.643728241023800107e-01 9.877215645252560572e-01 1.016183781549514498e+00 1.011866370162523010e+00 1.038183871830527849e+00 1.061998806029840203e+00 1.088497460397564343e+00 1.053805057722488003e+00 1.067176380315347783e+00 9.980863851290168176e-01 9.387338763976242895e-01 8.116777491807501965e-01 7.583374446468139629e-01 7.439606487032381921e-01 7.178042331092343575e-01 7.083208011208312893e-01 7.317768057511659929e-01 6.979286315093905513e-01 6.775735558236460898e-01 6.547834260237039850e-01 6.756515796863917789e-01 6.759295333624496527e-01 6.867099114841092034e-01 6.775077787115371120e-01 7.165975153116718177e-01 6.933564258523499113e-01 6.725945535443051959e-01 7.403886679846601870e-01 7.356858378343710259e-01 6.904635031915644650e-01 7.090268483109369857e-01 7.542237148088447585e-01 8.048206707336067467e-01 7.790747909589239573e-01 8.082276708239174434e-01 7.513018413690555342e-01 8.052929628526396266e-01 8.390499761048517691e-01 8.557592148662009901e-01 8.019213332312462583e-01 8.488763946260912130e-01 8.547335857391534786e-01 9.364604081696276117e-01 8.883743363526438452e-01 8.104139994462005170e-01 7.290336703637335658e-01 7.078356774814645869e-01 7.265330100164891780e-01 7.096503370323188342e-01 7.298457265978197661e-01 6.478952581633026231e-01 6.783429375066604150e-01 6.762537970237181284e-01 6.903899563363254943e-01 6.606228388320931622e-01 6.486056408750664470e-01 6.652481946992458983e-01 6.657819498612563835e-01 6.413198878689070348e-01 6.283205661058003377e-01 6.676256849097147450e-01 6.654877657810772673e-01 6.658697346415360929e-01 6.190106797093714031e-01 6.799186887834716142e-01 6.325969894883716194e-01 6.483367875448790008e-01 6.758846084541678678e-01 6.700257660530649639e-01 6.071966543649944814e-01 7.226782493752468284e-01 6.562460905510771880e-01 6.933591727518991776e-01 6.453866249499387031e-01 6.689623907137027814e-01 6.219179353678222499e-01 5.901760161014698580e-01
9.353352640290480968e-01 9.452036761968515277e-01 9.350860778323824007e-01 9.219903865689458300e-01 9.222478424932815111e-01 8.926293810184823263e-01 9.558039282944130743e-01 8.898764496586043515e-01 3.568507067476049066e+00 1.243231593824012435e+02 6.083032305454051603e+00 6.834771623688319364e-01 1.024113167781134370e+00 9.346926606707974816e-01 9.495253753466939006e-01 9.443438131846142447e-01 9.582379244523639983e-01 9.803524048027296711e-01 9.518547555057522702e-01 9.689322878581286824e-01 9.562207272130299751e-01 9.939544986625898915e-01 9.713271519773207796e-01 9.919126578456249899e-01 1.028771512067053528e+00 1.032649408911877176e+00 1.007941400623861394e+00 1.067705822694572593e+00 1.082014965187324984e+00 1.055531603138931906e+00 1.061804903491546659e+00 1.037431722280585777e+00 9.127270824802975469e-01 8.399767699541517141e-01 7.742730443704723964e-01 7.658592336820582158e-01 7.082787278781816909e-01 7.293755835191865211e-01 7.410555457036855920e-01 7.036093862849328584e-01 7.068207562089852125e-01 6.866290797202843077e-01 7.420476805042545143e-01 7.123923012148056788e-01 6.925376659656471423e-01 7.598339688974494743e-01 6.928615208462367558e-01 7.180343167163982798e-01 6.898428494917345777e-01 7.169082003079217946e-01 7.405409955325611415e-01 7.721219100629100884e-01 7.211572004551632942e-01 7.540814312799334340e-01 7.712921128651990532e-01 7.712142671297648189e-01 8.159125888735574428e-01 7.822339046898737491e-01 7.975688650953763892e-01 8.338389108317593168e-01 8.770789186271981119e-01 8.784130648779951978e-01 9.295255640142866538e-01 8.684225728742259731e-01 9.182295552033906683e-01 9.004399747514695296e-01 8.437883675167738851e-01 8.321534441802855842e-01 8.210265816509976222e-01 7.281979329377888943e-01 6.874658176104085916e-01 6.552547891369908672e-01 6.971645555055862031e-01 7.107117832234679522e-01 6.879094991997287689e-01 6.810736498403185957e-01 6.539891550741511184e-01 6.303344656055539508e-01 6.741962324356531866e-01 6.489191943766546844e-01 6.211036990323060003e-01 6.363652183630904569e-01 6.696870587873340330e-01 6.984332992320059219e-01 6.721748392496879054e-01 6.717298377052991487e-01 7.356834389701839561e-01 6.449753306026372313e-01 6.999878620397156359e-01 6.045800918560737536e-01 6.272339091544728573e-01 6.847000936545737382e-01 6.687388774619982268e-01 6.144569756076838640e-01 6.689098622075488887e-01 6.585964795194885202e-01 6.218111262895192892e-01 7.377443634400162598e-01 6.380469944157040052e-01
9.104576846027659931e-01 9.289041185898714303e-01 9.450981381802538994e-01 9.160836995406529404e-01 9.143850906766139985e-01 9.185349967233453761e-01 8.969005283169332321e-01 1.016507918180517667e+00 7.273880991664690709e-01 6.083032305454051603e+00 1.269756373431238501e+02 2.806432369907614355e+00 9.121129576722637466e-01 8.985121370864737056e-01 9.252042671997786627e-01 9.239735165062991085e-01 9.368089187972331588e-01 9.363830992854348390e-01 9.673649943047334387e-01 9.666302702343578801e-01 9.811930659587702053e-01 9.455176005174477094e-01 9.582895677970755255e-01 1.007305651930455515e+00 9.720948533829995020e-01 1.000750204474141869e+00 1.012966151889766575e+00 1.026045521550255080e+00 1.031830093115892355e+00 1.039523911758189589e+00 1.045293993704166979e+00 1.001346480254781124e+00 9.149464954837815966e-01 8.302549675722862288e-01 7.480698907206677628e-01 7.445697690585271200e-01 7.028594976452516851e-01 7.102443176557873272e-01 6.794645527083920111e-01 6.861205261574634395e-01 6.982414977444345583e-01 6.831305814813345423e-01 7.073080694567706050e-01 6.848867708496436668e-01 6.753746413606083188e-01 6.917495202793885190e-01 7.108160452737546375e-01 7.197346029343927309e-01 7.187737266194555996e-01 7.087652982037615512e-01 6.772874410337083040e-01 6.908962866188221863e-01 7.458771450964107874e-01 7.788530306300983641e-01 7.505928139862587667e-01 8.021091348775986063e-01 7.527269950139177102e-01 7.642571081066147354e-01 7.935933219027082597e-01 8.539068899961027581e-01 8.707248766423774100e-01 8.492011105333010512e-01 9.500285914739746707e-01 8.824889868320022757e-01 8.931362721814973815e-01 8.704530824568778025e-01 8.095512729940073093e-01 8.070619980795159520e-01 7.893996363480476619e-01 7.118458047193262361e-01 7.268992924431662006e-01 7.123222406216784819e-01 6.717818662941619223e-01 6.733448307778913122e-01 6.406735774362340985e-01 6.936480331906612617e-01 6.636253183225412355e-01 6.291246757397257472e-01 6.708762395976374249e-01 6.516330603497352270e-01 6.611940825393256560e-01 6.283164272752226331e-01 6.667462246104451928e-01 6.712232154134639694e-01 6.532336950265270614e-01 6.581314514958321871e-01 6.864929444016243387e-01 7.596719979611568085e-01 6.136374223662438565e-01 6.833135465472234271e-01 6.441992395511118019e-01 7.126724236152679470e-01 6.712520080741759543e-01 7.966573091440388721e-01 7.214610032341775003e-01 6.352775690151054588e-01 6.474693961115096652e-01 6.917771417685327773e-01 7.021861993088575060e-01
9.434691819381989530e-01 9.383645009117879132e-01 9.595481017834579518e-01 9.312439610360058184e-01 9.411858863215356585e-01 9.308627471414736565e-01 9.469442251284034828e-01 9.056732451567809372e-01 1.000471532677564390e+00 6.834771623688319364e-01 2.806432369907614355e+00 1.216751316668245835e+02 3.615815836169737896e+00 1.011479756442503541e+00 9.331759113377754433e-01 9.275043541363440225e-01 9.421071268636529439e-01 9.286276575849271575e-01 9.590581327986065219e-01 9.546437904813829256e-01 9.552340145702677976e-01 9.885098121473541166e-01 9.686287916491961303e-01 9.788762517272152630e-01 1.007803989907087416e+00 1.024494965128803781e+00 1.025015704176091891e+00 1.056396165167178491e+00 1.048527190784508623e+00 1.052275611840724157e+00 1.061509184121701255e+00 9.806532283614675105e-01 9.031641373486685165e-01 8.407547498363463490e-01 7.885756739299122353e-01 7.424091785190480852e-01 7.128529075559287831e-01 7.525314384327711492e-01 7.123281465435205018e-01 7.299807140802480054e-01 6.920361679038870006e-01 7.010706436986012813e-01 6.857709425885001320e-01 6.775345419550157233e-01 7.142118479979147061e-01 7.068117995299912915e-01 7.009558742485839655e-01 7.216122601164043360e-01 7.125142863791752434e-01 7.798477065763113059e-01 6.988851755968641388e-01 7.128672800701489898e-01 7.423991563931457982e-01 7.555511314916764087e-01 8.049292757121219166e-01 7.493537695614066463e-01 7.844118506879547148e-01 8.274487049375034431e-01 7.933815927096488085e-01 8.515269413524959585e-01 8.084526109754772705e-01 8.531806242488529923e-01 8.289520764298454747e-01 8.495291506422005812e-01 9.051349946794962076e-01 8.759862865660112963e-01 8.633426020087437980e-01 7.969070982680119819e-01 7.473796855486857238e-01 7.165145684616329724e-01 7.416640193845210893e-01 6.927940363967370896e-01 6.695966323949131827e-01 6.758068635677592084e-01 6.373694550237226641e-01 6.991376762059758887e-01 6.234009822119940258e-01 7.015379077159975552e-01 6.555420416661463801e-01 6.461318647672610327e-01 6.471974752557525523e-01 6.318606309502609042e-01 6.492211822420008716e-01 6.364212276212714015e-01 6.564811728272313962e-01 5.920583317272537505e-01 6.815768549747568406e-01 5.945549280197642839e-01 8.793845828900911377e-01 7.978997416563013978e-01 6.254308326396366136e-01 7.277877917631835336e-01 5.790273565796160149e-01 7.782297658667534090e-01 7.014924888065869890e-01 6.824103585394118987e-01 6.694715191337008431e-01 6.381918997641110591e-01 6.509747640873616570e-01
9.481999734335163632e-01 9.412791766515533620e-01 9.437177832271639311e-01 9.663126551382601459e-01 9.280441716144480768e-01 9.437992048480715601e-01 9.416927405781436722e-01 9.339433959276454145e-01 8.962235248894986350e-01 1.024113167781134370e+00 9.121129576722637466e-01 3.615815836169737896e+00 1.183413280822690439e+02 2.799874493910804230e+00 9.884873309816939457e-01 9.586721725900606561e-01 9.217429201745307443e-01 9.484609609150629339e-01 9.484605201133980978e-01 9.550595416325183828e-01 9.594387867520006719e-01 9.715071821835618016e-01 9.543705993678415211e-01 9.758186940380950691e-01 9.877805392557460484e-01 9.963974904223420470e-01 1.031454151539172193e+00 1.044593778973055942e+00 1.062849537552353896e+00 1.065996412129293525e+00 1.037311998721386130e+00 9.701505783109289904e-01 9.273518295484655116e-01 8.174812216055570291e-01 7.664629680627809138e-01 7.202875592690094475e-01 7.248931129505920001e-01 7.014426520949262889e-01 6.843799115978576042e-01 6.930075112257139125e-01 6.640246694011554540e-01 6.826915987635424621e-01 6.953101418178663229e-01 7.309105661583015223e-01 6.916512168787750658e-01 7.101609342781182166e-01 6.818418416486831113e-01 7.261010090201827083e-01 7.094940763466290878e-01 7.528787993160721559e-01 7.062996692002603272e-01 7.387865373827621207e-01 7.724038642278753253e-01 7.570943852052964829e-01 7.745512077635051673e-01 7.470805252206021985e-01 7.750365194966152282e-01 7.769605290444603352e-01 8.175368088144070455e-01 8.108843592333602190e-01 8.265038480395914267e-01 8.913466213379249714e-01 8.995615553660920583e-01 8.935181504500319116e-01 8.770113495862413844e-01 8.731119554149828765e-01 8.252114299637430817e-01 8.212908121577024989e-01 7.468674424914273358e-01 7.199569724180843178e-01 7.292082400263379949e-01 6.752410767057375196e-01 6.918191063812532127e-01 6.435608845094020758e-01 6.282601037423893864e-01 6.652964217606893715e-01 6.419808734166564390e-01 6.336733929285760514e-01 6.686746013614536244e-01 6.275609531103465422e-01 6.300919473707945473e-01 6.523010324776347124e-01 6.714814431045675880e-01 6.393639284083729724e-01 6.367980892176451357e-01 6.583067051247469825e-01 6.505474789296921134e-01 6.930865230471136007e-01 7.232808927769934781e-01 6.946610626541090960e-01 6.367193671575224201e-01 5.922885481900335147e-01 6.624174530718875964e-01 6.791534904282606755e-01 6.259370193291233786e-01 6.318216104370276698e-01 7.017882100684191826e-01 7.065259702506805350e-01 6.220659477819177052e-01
9.355311222187876474e-01 9.429905531510834882e-01 9.497948181691587832e-01 9.420442448978297856e-01 9.368226890659572259e-01 9.328603817039848867e-01 9.472254645823624530e-01 9.295278067125998245e-01 9.235631617967088314e-01 9.346926606707974816e-01 8.985121370864737056e-01 1.011479756442503541e+00 2.799874493910804230e+00 1.283659474982149220e+02 4.023860167974070201e+00 8.660867449062893408e-01 1.001273590964838478e+00 9.251275021557379130e-01 9.503650596107666715e-01 9.508684535539831950e-01 9.375595639431584249e-01 9.680847853880520937e-01 9.711611006291145376e-01 9.855792795356433933e-01 9.981717932920757264e-01 1.010947636481633438e+00 9.974102196818257493e-01 1.017834609174671723e+00 1.049848902509881832e+00 1.052001114257931969e+00 1.035452981362210645e+00 9.955605275614932692e-01 9.406951179632703219e-01 8.738812904058272935e-01 7.528450210214066018e-01 7.264968669193564432e-01 7.098621261538229366e-01 7.095514120769349509e-01 6.872664076849409609e-01 6.742268541501014179e-01 6.988003818380161825e-01 6.851687961062501442e-01 6.870239462369526207e-01 6.530583159393400505e-01 6.821938761310266663e-01 6.784339155934709931e-01 6.768383241469158040e-01 6.916208738491070873e-01 7.516592166375727357e-01 7.350191342876499778e-01 7.222196556566361503e-01 7.555078493207062484e-01 7.485821090939390743e-01 7.575943028212444030e-01 7.782065677042702134e-01 7.264565154785240786e-01 7.928657324250339977e-01 7.912775458496206227e-01 8.350592793902141819e-01 8.232309176392211825e-01 8.423957377400717039e-01 8.706182348274321692e-01 8.435663700297909573e-01 9.449909899647375155e-01 8.862735485661366042e-01 8.803631982273831813e-01 8.385613221786315519e-01 7.909428397408421185e-01 7.549778217836250471e-01 7.203856968377293502e-01 7.068828523609268499e-01 6.971444669452576681e-01 7.073632541987079358e-01 6.752884474427915951e-01 6.665915325495332944e-01 6.403677817085401403e-01 6.079113982320577536e-01 6.789332334622716347e-01 7.041145633492778000e-01 6.378695977684466500e-01 6.405924128067655987e-01 6.224206162671765963e-01 6.636086929785158794e-01 6.341064258802703302e-01 6.317811352894644461e-01 6.452562101119186933e-01 5.867450401338650812e-01 6.838310517767696162e-01 6.604144857432376892e-01 6.374188618191681810e-01 7.170111906734384366e-01 6.913369153893585972e-01 6.320531867670637904e-01 6.184241996040978906e-01 7.218333958586158339e-01 6.967434447624241134e-01 7.029084689680812348e-01 6.181962798506889234e-01 6.441925259015489624e-01
9.434295452284269246e-01 9.671247214686000682e-01 9.649384840794890117e-01 9.493989910163672663e-01 9.376524275542137410e-01 9.621789127746640524e-01 9.607508366179123849e-01 9.297886537904990201e-01 9.243289029390486800e-01 9.495253753466939006e-01 9.252042671997786627e-01 9.331759113377754433e-01 9.884873309816939457e-01 4.023860167974070201e+00 1.289087973034693562e+02 3.409981067345071892e+00 8.614564026011536368e-01 9.762899388491138586e-01 9.379545290656468026e-01 9.772494924870258615e-01 9.477703851289263071e-01 9.701832577635124411e-01 9.723075142531436565e-01 9.741034062054870768e-01 9.860860669137005985e-01 1.009692810077259084e+00 1.024283883496070136e+00 1.029815792385350148e+00 1.038333088839108687e+00 1.053814059719741625e+00 1.020230730322471357e+00 1.009925383394555398e+00 9.013672761491968721e-01 8.500794603805295058e-01 7.867366616212940755e-01 7.397741205625636418e-01 7.316652926248125022e-01 6.937799813080051115e-01 6.733125867575352475e-01 6.767006612781917285e-01 6.772832408136466587e-01 6.798942713992187636e-01 7.351040615262386391e-01 6.923350190577850505e-01 6.864394875716590683e-01 7.243383813759950440e-01 6.866832494124676112e-01 7.125523493527510244e-01 7.156283698161578499e-01 6.995822428788598391e-01 7.402936092798589884e-01 7.390885961883147948e-01 7.607484207243665475e-01 7.711674636482346301e-01 7.646907305594378146e-01 7.732485447354888741e-01 7.896363349453459080e-01 7.935585702135937725e-01 8.038284811772827831e-01 8.261185798067053332e-01 8.647790280938157936e-01 9.019575447648265909e-01 9.441275804496188639e-01 9.571912042515395846e-01 9.272214529230718982e-01 9.108692533709549233e-01 8.726203058710383376e-01 8.045088364852184259e-01 8.593547106255303714e-01 7.166089651821742068e-01 7.389998741836636409e-01 6.900492421950183974e-01 6.636030679542277433e-01 6.510717118832595185e-01 6.537218770149951785e-01 6.169556420857421619e-01 6.629633851737917194e-01 6.964305025513403136e-01 7.227202433662907044e-01 6.758568813543081033e-01 6.788357912703989472e-01 6.957447789183690556e-01 6.350407602864897028e-01 7.089535281044458959e-01 6.842462688690528205e-01 6.429328896544537209e-01 6.493389534453533063e-01 6.660414260165817835e-01 6.365107238327006867e-01 6.379100029149872286e-01 6.647739521160277443e-01 6.652030543948341812e-01 6.830334221920827398e-01 6.968210065691393673e-01 6.888643469327179192e-01 6.708842226328909364e-01 6.449115609224381762e-01 6.426236949530897968e-01 6.785762960369506880e-01
9.676884946607248184e-01 9.446263071808400635e-01 9.469015122591927236e-01 9.591793250024079898e-01 9.573613249736866448e-01 9.714349109756776901e-01 9.462668404618718165e-01 9.441780987440983042e-01 9.372672792209968406e-01 9.443438131846142447e-01 9.239735165062991085e-01 9.275043541363440225e-01 9.586721725900606561e-01 8.660867449062893408e-01 3.409981067345071892e+00 1.296622484377739966e+02 2.782359115055488719e+00 7.846715486219800750e-01 9.489047297767112532e-01 9.476121752924351327e-01 9.517924984962674584e-01 9.576839193090742608e-01 9.731019803994254147e-01 9.545855771558952041e-01 9.557287621415258005e-01 9.822477135105436297e-01 1.014990906613760346e+00 1.021195549970628225e+00 1.020573400166992828e+00 1.035328968690198304e+00 1.032198368621881635e+00 1.007758427678479229e+00 9.490425614063932036e-01 8.473736399341718073e-01 7.819196071456077091e-01 7.301470391130417958e-01 7.396208551496088468e-01 7.107133910924061659e-01 6.873774393095040125e-01 6.966244270997374866e-01 7.189612839231234176e-01 6.664482168640351034e-01 7.214498747154733937e-01 7.285102516323671562e-01 6.708167331270977751e-01 7.220978532994900556e-01 7.189414115912279302e-01 7.071498403799330035e-01 7.268585461588026320e-01 7.203877605341849621e-01 7.027302340343100084e-01 7.157578251048977158e-01 7.870223449718632969e-01 7.521886607819116000e-01 7.675867733918513292e-01 7.792576495832341799e-01 7.913488820026700621e-01 7.852643285130405104e-01 8.512656707074198748e-01 8.200057233692016334e-01 8.157002923453428034e-01 8.501370538646541020e-01 8.409149656953569529e-01 9.392432789396437665e-01 9.423005555405054023e-01 8.884074817077280972e-01 8.628684641948959344e-01 7.603649652592525676e-01 7.481188097823764371e-01 7.302004021427147551e-01 6.788108778360917306e-01 6.765011600104662293e-01 6.592456179527015347e-01 6.798927475485317951e-01 6.761328049902621817e-01 7.367226984480519381e-01 6.605550615550542792e-01 6.803528934834891517e-01 6.839735863722554710e-01 6.714350889362259434e-01 6.424561207406803698e-01 7.096654477699185781e-01 6.369982383950079097e-01 6.303749233413297182e-01 6.496034262327363695e-01 6.406789131834419448e-01 6.590494010713899842e-01 6.318679892853041880e-01 6.119314139226328386e-01 6.799600537816358203e-01 6.491122189487211758e-01 6.764920562716120189e-01 6.590086815269607934e-01 6.734567311139102452e-01 6.964094729284865393e-01 6.768286084173871231e-01 6.486835594306071817e-01 5.894837151520797569e-01 6.614174548121154462e-01
