9.745811660977435897e-01 9.173687936307287627e-01 9.706077162226347532e-01 1.029397281873867032e+00 9.628806783600477592e-01 9.696875688069104271e-01 1.014921246157379109e+00 1.002589819613868727e+00 1.063738813200350464e+00 9.556362630168349082e-01 1.004757981731885907e+00 9.977740492577027442e-01 9.396118244085238658e-01 1.028339864780303481e+00 9.923870369543401626e-01 9.596895523520854177e-01 9.203902630629614556e-01 1.011379367097217985e+00 9.550956773688640267e-01 9.566821746297664575e-01 1.012360596123110801e+00 1.015110579798569779e+00 9.774678348264540517e-01 9.340070849310612155e-01 9.926093894746027546e-01 9.757531760149423805e-01 8.936164915489064331e-01 9.277237579548744950e-01 9.593613674644224654e-01 9.400163658814520984e-01 9.380210080191223598e-01 9.700540078116838272e-01 1.025192529136360164e+00 9.276612422513161871e-01 9.174194168878075928e-01 9.355230607241588059e-01 9.466369970915871068e-01 9.433554720058279219e-01 9.553611989409126481e-01 9.839724510175852368e-01 8.986403474799148361e-01
9.173687936307287627e-01 1.003652915843009863e+00 9.720279405510588999e-01 1.025931379376255004e+00 9.779666258805286283e-01 1.007356346652515500e+00 1.016133959287347954e+00 9.518577572499608008e-01 9.771495497241242667e-01 1.004380316273604246e+00 9.751561341909511516e-01 1.035539119305476152e+00 1.006975522010871593e+00 9.212754422912627916e-01 9.629611655545119442e-01 1.001835725794032683e+00 9.480402675902273035e-01 9.943935091210512889e-01 1.041079112442105048e+00 9.257094739457649712e-01 9.263899100854463553e-01 9.824522010391223414e-01 9.947767533147869878e-01 9.910940272709115595e-01 9.304729417501277355e-01 1.001998294840037884e+00 1.005954658758668741e+00 9.081856248553671351e-01 9.480879394501753321e-01 8.495431505418699070e-01 9.506338445022667338e-01 8.909567836072135316e-01 9.662478679036095031e-01 9.472888743358757191e-01 9.634188804928500716e-01 9.077724617600472223e-01 9.950135018676321552e-01 8.530536424501872217e-01 9.845928665000223123e-01 8.572390469400757995e-01 9.275417181383137644e-01
9.706077162226347532e-01 9.720279405510588999e-01 1.155137493693770612e+00 1.105881252801091064e+00 1.046808885460158711e+00 9.669005630135855123e-01 1.015793892746646998e+00 9.187351959823748526e-01 1.016943178939190950e+00 1.024400115420537549e+00 1.016482305890648030e+00 9.456587068862760681e-01 9.756082793109277507e-01 1.010826645893974751e+00 9.743859185646115417e-01 9.616889074725142317e-01 9.668897730975237748e-01 8.904611710709957606e-01 9.976013298316495082e-01 9.255431035017196439e-01 1.024197873092051791e+00 9.621852365082262937e-01 9.958007388553081762e-01 9.771591946077360369e-01 9.828379579195594129e-01 9.368845389229264464e-01 9.982831905786225812e-01 9.675164541725019829e-01 9.569920713700855730e-01 9.926699740582498599e-01 9.141148549956300551e-01 9.879832547079273608e-01 9.362258613893360559e-01 9.705045494760718983e-01 8.690488534116975750e-01 9.514552417322639233e-01 1.017267884748044970e+00 9.416080644113796749e-01 9.667869066652535759e-01 8.155237003856378175e-01 9.722467364578509796e-01
1.029397281873867032e+00 1.025931379376255004e+00 1.105881252801091064e+00 1.112487170823146965e+00 1.056673033967346020e+00 9.986623495580920773e-01 1.029611374388019973e+00 9.937210054292370254e-01 9.966192969306388871e-01 1.012968255060095579e+00 1.009446355498943904e+00 9.963992465281061861e-01 9.419986243768362355e-01 9.456628716155472958e-01 9.394311197897869947e-01 9.066218223710691415e-01 9.541722020207840105e-01 9.807567424429799452e-01 1.009942723958001221e+00 9.923148185529218068e-01 8.980682716383928677e-01 9.466999486350045068e-01 9.722520314869822489e-01 9.673484535836587295e-01 9.606857417118933595e-01 9.852080733468028262e-01 9.487651994917377651e-01 9.687026159283708138e-01 8.806727926822883745e-01 9.368956580780953836e-01 9.552626528549132967e-01 9.333934678292639120e-01 1.036008069771111151e+00 9.026253633251267727e-01 9.720981381988095249e-01 9.977906654780237528e-01 9.924784380463009814e-01 9.238782674019649921e-01 9.217563712088712169e-01 8.877347128155401723e-01 8.374450601054318488e-01
9.628806783600477592e-01 9.779666258805286283e-01 1.046808885460158711e+00 1.056673033967346020e+00 1.055275792412029956e+00 9.840208023848350249e-01 9.822920252620359616e-01 1.008947030839005388e+00 1.020660584009656091e+00 1.014861587014571853e+00 9.369269698233023691e-01 9.865444501559340607e-01 1.044919319321553131e+00 1.007546972444624211e+00 9.814428968587003421e-01 9.169391521799761247e-01 9.965332792229855130e-01 9.665398905786667383e-01 9.562145580708403259e-01 9.376089048319015129e-01 9.808491920797315355e-01 9.063988761638874792e-01 9.682430529059010693e-01 8.793973653879210151e-01 9.876567511204253913e-01 9.805863731691933927e-01 9.958875061041244647e-01 9.848686748448584050e-01 9.435276024420791163e-01 1.012842745628494745e+00 9.553441579631241076e-01 9.236959076604052132e-01 9.610321508323445006e-01 1.033957970715415842e+00 9.753761625341733632e-01 9.157795569605050590e-01 9.271829859997946510e-01 9.379401993749142408e-01 9.369994162396624304e-01 8.742486717723569889e-01 9.836965898104224060e-01
9.696875688069104271e-01 1.007356346652515500e+00 9.669005630135855123e-01 9.986623495580920773e-01 9.840208023848350249e-01 1.078388340513535049e+00 9.820796004063714335e-01 1.003829661902027492e+00 9.524565704758468643e-01 9.908112065719754114e-01 1.021844102638757468e+00 9.436945554919646817e-01 1.026655856358152263e+00 9.428371999494252753e-01 9.531525221101626588e-01 9.562378076911768332e-01 9.602574906358986029e-01 9.976165710540517706e-01 9.023967852239527243e-01 9.902549384149910150e-01 9.455376437815505852e-01 1.012266766210218272e+00 9.507464785632783189e-01 9.317321177043997871e-01 9.138181695074261146e-01 9.103723458550923020e-01 9.543915541143270787e-01 8.731416662462878620e-01 8.655179618109585249e-01 9.138568920984103672e-01 9.156484508843814041e-01 8.074720119027041232e-01 9.137074548525677686e-01 8.632635417381481213e-01 9.291258722649409219e-01 9.358265912711035694e-01 9.627830028603806545e-01 9.145746162901009502e-01 1.001920998930664108e+00 8.411057867533193733e-01 8.620417530936205219e-01
1.014921246157379109e+00 1.016133959287347954e+00 1.015793892746646998e+00 1.029611374388019973e+00 9.822920252620359616e-01 9.820796004063714335e-01 9.203380408946052471e-01 1.009693340063008149e+00 9.965529896634813811e-01 1.030669487745627055e+00 9.789027248144388516e-01 1.036951131431650408e+00 1.009499559684090775e+00 1.008530659335468371e+00 1.032252325901916512e+00 9.831275825667542545e-01 1.044839463765783627e+00 9.789472027259245035e-01 9.853210072022218213e-01 9.895136714506046482e-01 1.012192608067017385e+00 1.020320422368581337e+00 9.959835231734386340e-01 9.268876531465274349e-01 9.787783089545768478e-01 9.660065391775219945e-01 1.055004553063292771e+00 9.495477177840752070e-01 1.012664649225763824e+00 9.412063403291525132e-01 1.024738039832397973e+00 1.022168434150035443e+00 8.969870076582268092e-01 8.916732372029826381e-01 1.020008337006909738e+00 9.019842154261561440e-01 8.884185315559001150e-01 9.027289351134644146e-01 9.872218335469244987e-01 9.695291227332440975e-01 9.120356687801923767e-01
1.002589819613868727e+00 9.518577572499608008e-01 9.187351959823748526e-01 9.937210054292370254e-01 1.008947030839005388e+00 1.003829661902027492e+00 1.009693340063008149e+00 1.015028449045818126e+00 1.043091101754343164e+00 1.006559247242637012e+00 9.652541917153575346e-01 9.785128728985934554e-01 9.706385648026044644e-01 9.028964465946536233e-01 1.025804107689944011e+00 1.015988321987003395e+00 8.971018554756953201e-01 1.003874228854423567e+00 9.183369006900121700e-01 9.576589046464170085e-01 9.738418123947459870e-01 1.039699189371384724e+00 9.536482641134924609e-01 1.036575613508476712e+00 1.026972948076914083e+00 1.011048891872007527e+00 9.755678180118870779e-01 9.185089370137220488e-01 9.585838278587204275e-01 1.012536153722309429e+00 1.078200535061206722e+00 9.144659620292044933e-01 9.841271957502986112e-01 9.547851087630887523e-01 9.610653415080950834e-01 9.105354591444740908e-01 9.029575344655469404e-01 9.248929890217753025e-01 8.556818875329509355e-01 9.023008269379051427e-01 9.553463368412206114e-01
1.063738813200350464e+00 9.771495497241242667e-01 1.016943178939190950e+00 9.966192969306388871e-01 1.020660584009656091e+00 9.524565704758468643e-01 9.965529896634813811e-01 1.043091101754343164e+00 1.062720428735603573e+00 1.138009805157857546e+00 1.010345474104983321e+00 1.043983225263496850e+00 1.028567758295153123e+00 1.057812154350002087e+00 1.028318263292274715e+00 9.851695850522844689e-01 1.035602514432047982e+00 9.721110094105169797e-01 9.418942073446274765e-01 9.851177306471449180e-01 9.971812668972080962e-01 9.818241724751074484e-01 9.620357396851826337e-01 1.002759488549521238e+00 9.493827183793722702e-01 9.531313567918486829e-01 1.026430130530243900e+00 1.085535854621483498e+00 9.012978201849057847e-01 1.009946890880210502e+00 8.967119198835309390e-01 9.712981646782541389e-01 1.045180554268794193e+00 9.605936644189834173e-01 9.656182820463369287e-01 9.678623793562783906e-01 1.018934970419525410e+00 1.015444312584241615e+00 1.008533819302501966e+00 8.884220615466746906e-01 9.871008053862072584e-01
9.556362630168349082e-01 1.004380316273604246e+00 1.024400115420537549e+00 1.012968255060095579e+00 1.014861587014571853e+00 9.908112065719754114e-01 1.030669487745627055e+00 1.006559247242637012e+00 1.138009805157857546e+00 1.072435140427817402e+00 1.045293052799910472e+00 1.049401513511775352e+00 9.898367246013549670e-01 1.081981881021471414e+00 1.055791081294409794e+00 1.025561829726598484e+00 1.012004311353097874e+00 9.942720164588795262e-01 1.009598098348276185e+00 9.335570820912545420e-01 9.791262152030403287e-01 9.739859789170942639e-01 1.014057781194202867e+00 1.002555480305104885e+00 1.010595154177694077e+00 1.031595186190757740e+00 1.047239702367516179e+00 9.767113703605856401e-01 9.722730452951433566e-01 9.371551733555761876e-01 8.863754417336322522e-01 8.971318904258526183e-01 1.003957398284695879e+00 9.048751514262441953e-01 1.021542841758423137e+00 9.541561278447094896e-01 9.254981338887757758e-01 1.017903323127271165e+00 8.928193858848997300e-01 9.032591878362752347e-01 9.339414111311230560e-01
1.004757981731885907e+00 9.751561341909511516e-01 1.016482305890648030e+00 1.009446355498943904e+00 9.369269698233023691e-01 1.021844102638757468e+00 9.789027248144388516e-01 9.652541917153575346e-01 1.010345474104983321e+00 1.045293052799910472e+00 1.110180103210756553e+00 1.046341488835695444e+00 1.016768666455829750e+00 1.010506983496812339e+00 1.038630174510991155e+00 9.872971857286095831e-01 1.005768608295888322e+00 1.024087006411604994e+00 9.929759941991886940e-01 9.708866751979511323e-01 9.375058569372355377e-01 9.498962596830481386e-01 9.467593127526605645e-01 9.855521013160324362e-01 9.977385575379749127e-01 1.030558933550703715e+00 9.571102252991680048e-01 9.689004050212020047e-01 9.705701276188692939e-01 9.765067271708324226e-01 9.506254733748638053e-01 9.514710653654608885e-01 8.805927620236716491e-01 9.511236948170711525e-01 1.004449389166746087e+00 8.949650885813990042e-01 1.057727918535798173e+00 9.558224533967148995e-01 8.845034101116691083e-01 1.001311064353485714e+00 9.239335711357472558e-01
9.977740492577027442e-01 1.035539119305476152e+00 9.456587068862760681e-01 9.963992465281061861e-01 9.865444501559340607e-01 9.436945554919646817e-01 1.036951131431650408e+00 9.785128728985934554e-01 1.043983225263496850e+00 1.049401513511775352e+00 1.046341488835695444e+00 9.143775875432287314e-01 9.416156184398922768e-01 1.053852294299046477e+00 1.028978206388791117e+00 1.107601170561604897e+00 9.905907017553008398e-01 1.028983996503464171e+00 9.744346668181625981e-01 1.074548291573064196e+00 9.690041237324780177e-01 9.938102812433996514e-01 1.007193798025475928e+00 9.983607787942793133e-01 9.733925914415957337e-01 1.039648163782453283e+00 9.785011852740012062e-01 1.024773287481145267e+00 9.651962560563525084e-01 1.038549696715564075e+00 9.890111059337868271e-01 1.029151048565113857e+00 1.017317081971828685e+00 9.509458124459551076e-01 9.630645728561911811e-01 1.029143197013588251e+00 9.521874934753933317e-01 9.784429912124822382e-01 9.107327917859281419e-01 9.954938508742627867e-01 9.014672209602734299e-01
9.396118244085238658e-01 1.006975522010871593e+00 9.756082793109277507e-01 9.419986243768362355e-01 1.044919319321553131e+00 1.026655856358152263e+00 1.009499559684090775e+00 9.706385648026044644e-01 1.028567758295153123e+00 9.898367246013549670e-01 1.016768666455829750e+00 9.416156184398922768e-01 1.051288855939329192e+00 1.097576458236793062e+00 1.052523112609587308e+00 1.006590952046372056e+00 1.083227470333554709e+00 1.065513307388622488e+00 1.056984085680166441e+00 1.025180491803922012e+00 9.937874744170849262e-01 9.775629701827899254e-01 9.793334698247717629e-01 9.391562630385904553e-01 1.063231055435327699e+00 9.558776081394099178e-01 9.773084370347865368e-01 1.005457081277826292e+00 9.275125590527524277e-01 9.956943030747489320e-01 1.024453159124278478e+00 9.927468383698088150e-01 1.004408007576913286e+00 9.628147586354276477e-01 1.012364861991037257e+00 1.012716391865421617e+00 9.635913921511666258e-01 9.739535896688737981e-01 9.679978757121625588e-01 9.698762230117942140e-01 1.023944131699640270e+00
1.028339864780303481e+00 9.212754422912627916e-01 1.010826645893974751e+00 9.456628716155472958e-01 1.007546972444624211e+00 9.428371999494252753e-01 1.008530659335468371e+00 9.028964465946536233e-01 1.057812154350002087e+00 1.081981881021471414e+00 1.010506983496812339e+00 1.053852294299046477e+00 1.097576458236793062e+00 9.373142490063852694e-01 9.577640512095602077e-01 1.049649954937559970e+00 1.010506164919303673e+00 9.292145712289354709e-01 9.826940255345097963e-01 9.814220984271297965e-01 1.036839088914305318e+00 1.025732574801657027e+00 1.046310411195429113e+00 9.270809512498899840e-01 9.975931601293743789e-01 1.015672250917758923e+00 9.586937485602010645e-01 1.109875303883914199e+00 9.816645926112324005e-01 1.027303826386984476e+00 9.572202517837290481e-01 9.599243154725057847e-01 9.873899458364349124e-01 9.300992473765328228e-01 9.784545321869151380e-01 9.941553631244012257e-01 1.037629227976864410e+00 9.770221941637784457e-01 8.894129811894796456e-01 1.023006968267887062e+00 9.218765383418883186e-01
9.923870369543401626e-01 9.629611655545119442e-01 9.743859185646115417e-01 9.394311197897869947e-01 9.814428968587003421e-01 9.531525221101626588e-01 1.032252325901916512e+00 1.025804107689944011e+00 1.028318263292274715e+00 1.055791081294409794e+00 1.038630174510991155e+00 1.028978206388791117e+00 1.052523112609587308e+00 9.577640512095602077e-01 9.275067167606421137e-01 1.008713006813653390e+00 9.996227341546178868e-01 1.032226336693502500e+00 1.024919972303400595e+00 1.023336812296021359e+00 1.018094954694499954e+00 9.676168127167196209e-01 9.793922854228919173e-01 1.084549289675750483e+00 1.013982136651923716e+00 9.736745773280357508e-01 1.005020085656314732e+00 9.979632837410198354e-01 1.029094604156745474e+00 9.525774717459012386e-01 9.921235904313275844e-01 9.895759020550904950e-01 9.309886671603030406e-01 9.652591022580037095e-01 9.204198097866708173e-01 9.156962764045144532e-01 1.037527920271510196e+00 9.094232252482530310e-01 9.957327906226265402e-01 9.995735759563260103e-01 8.482680601894533323e-01
9.596895523520854177e-01 1.001835725794032683e+00 9.616889074725142317e-01 9.066218223710691415e-01 9.169391521799761247e-01 9.562378076911768332e-01 9.831275825667542545e-01 1.015988321987003395e+00 9.851695850522844689e-01 1.025561829726598484e+00 9.872971857286095831e-01 1.107601170561604897e+00 1.006590952046372056e+00 1.049649954937559970e+00 1.008713006813653390e+00 1.107473833410752118e+00 1.030480899417953289e+00 1.033634932365969705e+00 1.007556082683194409e+00 1.040639529197330715e+00 9.864654712231274436e-01 1.017741452558103443e+00 9.960241518036059283e-01 9.805891235999528721e-01 9.863323934066288157e-01 9.428157866671356135e-01 1.011524344353194715e+00 1.050102554097469554e+00 1.085049599929946762e+00 9.929920699721573873e-01 1.001353455544438997e+00 1.071831553372835311e+00 1.051300148131809831e+00 9.100909786663868850e-01 9.975235014318295512e-01 9.635127736886544003e-01 8.907987749002841404e-01 9.390981058196429254e-01 1.031794452331981971e+00 1.072990325749642260e+00 1.014974957178940373e+00
9.203902630629614556e-01 9.480402675902273035e-01 9.668897730975237748e-01 9.541722020207840105e-01 9.965332792229855130e-01 9.602574906358986029e-01 1.044839463765783627e+00 8.971018554756953201e-01 1.035602514432047982e+00 1.012004311353097874e+00 1.005768608295888322e+00 9.905907017553008398e-01 1.083227470333554709e+00 1.010506164919303673e+00 9.996227341546178868e-01 1.030480899417953289e+00 1.006302833929233476e+00 1.015864454343018197e+00 1.016799278571877352e+00 1.021234921470212775e+00 9.964149688495014257e-01 9.711150505019758850e-01 1.073017600717985243e+00 1.012479557333851421e+00 9.332213394291501984e-01 9.457525779609352590e-01 9.772186968893180614e-01 9.783312146950360333e-01 9.899654185445461163e-01 9.709760141733511096e-01 9.678369412927002591e-01 9.310781917713613076e-01 1.004675002103818882e+00 1.012701373170982633e+00 9.997785984103633172e-01 9.002817986734049649e-01 9.346422818159828561e-01 1.031252701954189277e+00 1.011455818103196735e+00 9.538300331979729929e-01 1.007778473951113529e+00
1.011379367097217985e+00 9.943935091210512889e-01 8.904611710709957606e-01 9.807567424429799452e-01 9.665398905786667383e-01 9.976165710540517706e-01 9.789472027259245035e-01 1.003874228854423567e+00 9.721110094105169797e-01 9.942720164588795262e-01 1.024087006411604994e+00 1.028983996503464171e+00 1.065513307388622488e+00 9.292145712289354709e-01 1.032226336693502500e+00 1.033634932365969705e+00 1.015864454343018197e+00 1.065876755606410153e+00 1.035301155654149374e+00 1.010808271507241063e+00 9.829450453339370064e-01 9.909221424637555398e-01 9.787827250060842088e-01 9.955840412455372324e-01 1.005310307678330295e+00 1.003234970336043475e+00 9.471452045308698109e-01 1.058905731771385916e+00 1.015513173575488759e+00 1.057644721039769475e+00 9.062337551465102781e-01 9.583168447830153758e-01 1.027121400775240279e+00 1.087997515018053418e+00 1.001926351970828799e+00 9.326896000293164457e-01 9.753880626626966199e-01 9.226368751103152244e-01 9.752170627495874156e-01 9.175392418595049726e-01 9.397589133841903752e-01
9.550956773688640267e-01 1.041079112442105048e+00 9.976013298316495082e-01 1.009942723958001221e+00 9.562145580708403259e-01 9.023967852239527243e-01 9.853210072022218213e-01 9.183369006900121700e-01 9.418942073446274765e-01 1.009598098348276185e+00 9.929759941991886940e-01 9.744346668181625981e-01 1.056984085680166441e+00 9.826940255345097963e-01 1.024919972303400595e+00 1.007556082683194409e+00 1.016799278571877352e+00 1.035301155654149374e+00 1.106878544166422174e+00 1.047229050679209683e+00 1.000971166358591402e+00 1.009965737064226099e+00 1.050320068262144080e+00 9.984363192116358920e-01 9.898816705361137558e-01 9.839198982117586256e-01 1.039915757380799333e+00 9.153790281744950130e-01 9.869454660622151154e-01 9.363503042042925495e-01 1.005226231911241275e+00 9.718808304589900970e-01 9.283368152782276450e-01 8.811090339953557837e-01 9.989380959152787121e-01 1.017902194212601863e+00 1.001559627612225389e+00 9.199178142815218617e-01 1.035909785534580685e+00 9.696399421456050050e-01 1.007089537291327330e+00
9.566821746297664575e-01 9.257094739457649712e-01 9.255431035017196439e-01 9.923148185529218068e-01 9.376089048319015129e-01 9.902549384149910150e-01 9.895136714506046482e-01 9.576589046464170085e-01 9.851177306471449180e-01 9.335570820912545420e-01 9.708866751979511323e-01 1.074548291573064196e+00 1.025180491803922012e+00 9.814220984271297965e-01 1.023336812296021359e+00 1.040639529197330715e+00 1.021234921470212775e+00 1.010808271507241063e+00 1.047229050679209683e+00 1.126621038394229446e+00 1.115021355060045627e+00 1.039501335431315177e+00 1.024434899175862057e+00 1.015171118241754655e+00 9.833718366927356458e-01 1.000898256490208693e+00 1.043210182327365620e+00 9.663020274074719529e-01 9.925090870893564787e-01 9.694973290946636846e-01 9.732431933051013395e-01 9.141944883289110368e-01 9.832033745873350883e-01 9.430667117716836634e-01 1.052227140783307924e+00 9.068862665932828637e-01 1.012283636821034616e+00 8.837888945579632782e-01 9.795230120651265970e-01 1.067442192373986742e+00 8.669424513183895398e-01
1.012360596123110801e+00 9.263899100854463553e-01 1.024197873092051791e+00 8.980682716383928677e-01 9.808491920797315355e-01 9.455376437815505852e-01 1.012192608067017385e+00 9.738418123947459870e-01 9.971812668972080962e-01 9.791262152030403287e-01 9.375058569372355377e-01 9.690041237324780177e-01 9.937874744170849262e-01 1.036839088914305318e+00 1.018094954694499954e+00 9.864654712231274436e-01 9.964149688495014257e-01 9.829450453339370064e-01 1.000971166358591402e+00 1.115021355060045627e+00 1.009530515616146040e+00 1.001552500339196072e+00 1.009028174224918084e+00 1.065049811163201188e+00 1.028340369548582656e+00 1.047813470998404828e+00 9.852070277061298897e-01 9.587992465791564944e-01 1.037554202078843080e+00 9.773631640510984653e-01 9.586437598969560492e-01 8.707858078008592351e-01 9.612373815483002959e-01 8.886496964398761245e-01 9.871949249786333702e-01 9.877327432705397259e-01 9.434541616523803853e-01 1.002329346058403736e+00 9.568279157416135217e-01 9.163718176493823586e-01 9.474966293334181611e-01
1.015110579798569779e+00 9.824522010391223414e-01 9.621852365082262937e-01 9.466999486350045068e-01 9.063988761638874792e-01 1.012266766210218272e+00 1.020320422368581337e+00 1.039699189371384724e+00 9.818241724751074484e-01 9.739859789170942639e-01 9.498962596830481386e-01 9.938102812433996514e-01 9.775629701827899254e-01 1.025732574801657027e+00 9.676168127167196209e-01 1.017741452558103443e+00 9.711150505019758850e-01 9.909221424637555398e-01 1.009965737064226099e+00 1.039501335431315177e+00 1.001552500339196072e+00 1.032412932273620187e+00 1.033696979836473684e+00 9.737746114658630825e-01 9.896692691845065948e-01 9.533311895398961511e-01 9.642492493805362441e-01 9.539787173878157001e-01 1.029312835772586476e+00 9.910085233139571681e-01 1.011256960211445399e+00 1.025778999823702131e+00 9.987696711677203076e-01 9.421492996149535282e-01 9.306464120079374069e-01 9.812574773795963434e-01 1.077204009462724432e+00 9.591473545342211748e-01 9.580053321754694595e-01 9.394809472823385521e-01 9.260983008357888124e-01
9.774678348264540517e-01 9.947767533147869878e-01 9.958007388553081762e-01 9.722520314869822489e-01 9.682430529059010693e-01 9.507464785632783189e-01 9.959835231734386340e-01 9.536482641134924609e-01 9.620357396851826337e-01 1.014057781194202867e+00 9.467593127526605645e-01 1.007193798025475928e+00 9.793334698247717629e-01 1.046310411195429113e+00 9.793922854228919173e-01 9.960241518036059283e-01 1.073017600717985243e+00 9.787827250060842088e-01 1.050320068262144080e+00 1.024434899175862057e+00 1.009028174224918084e+00 1.033696979836473684e+00 1.021816003155636476e+00 1.000383191518772641e+00 1.015513444896829043e+00 9.710936440149624538e-01 1.026628104609569547e+00 1.011513026409801785e+00 9.489518239802742228e-01 9.761546805559133677e-01 9.521652376742144597e-01 9.401952093016070489e-01 1.045607391435714684e+00 9.371568300210210145e-01 9.502012797603895944e-01 9.184499982290288411e-01 9.796923167932899412e-01 9.707043292626428288e-01 9.719844523079960164e-01 8.963295234784961485e-01 9.767526400392030350e-01
9.340070849310612155e-01 9.910940272709115595e-01 9.771591946077360369e-01 9.673484535836587295e-01 8.793973653879210151e-01 9.317321177043997871e-01 9.268876531465274349e-01 1.036575613508476712e+00 1.002759488549521238e+00 1.002555480305104885e+00 9.855521013160324362e-01 9.983607787942793133e-01 9.391562630385904553e-01 9.270809512498899840e-01 1.084549289675750483e+00 9.805891235999528721e-01 1.012479557333851421e+00 9.955840412455372324e-01 9.984363192116358920e-01 1.015171118241754655e+00 1.065049811163201188e+00 9.737746114658630825e-01 1.000383191518772641e+00 1.126203577231777331e+00 9.433577153179226737e-01 1.007730119612033404e+00 9.603966822740571674e-01 1.011240358503169956e+00 1.028651073343121114e+00 1.010758840648571910e+00 1.036363389787992695e+00 9.725899664168969894e-01 9.988525153303369208e-01 9.468413763830170193e-01 1.015969108647323260e+00 9.276546849303199949e-01 9.408985465847358176e-01 9.925724136583272683e-01 9.875075320397763701e-01 1.067845068208804094e+00 9.592266487699502298e-01
9.926093894746027546e-01 9.304729417501277355e-01 9.828379579195594129e-01 9.606857417118933595e-01 9.876567511204253913e-01 9.138181695074261146e-01 9.787783089545768478e-01 1.026972948076914083e+00 9.493827183793722702e-01 1.010595154177694077e+00 9.977385575379749127e-01 9.733925914415957337e-01 1.063231055435327699e+00 9.975931601293743789e-01 1.013982136651923716e+00 9.863323934066288157e-01 9.332213394291501984e-01 1.005310307678330295e+00 9.898816705361137558e-01 9.833718366927356458e-01 1.028340369548582656e+00 9.896692691845065948e-01 1.015513444896829043e+00 9.433577153179226737e-01 1.005975979231477746e+00 9.949440757556266002e-01 9.742870866385160422e-01 9.836362892578125461e-01 1.033880197717986116e+00 1.091123339366549594e+00 1.036559201991580581e+00 9.970679463334235493e-01 1.029012466508476109e+00 9.635222073358060690e-01 1.123043877479734443e+00 9.715267939333214198e-01 1.006569082204889165e+00 9.998494432093529838e-01 9.239110526988322247e-01 9.879851846044490626e-01 1.023498239904739426e+00
9.757531760149423805e-01 1.001998294840037884e+00 9.368845389229264464e-01 9.852080733468028262e-01 9.805863731691933927e-01 9.103723458550923020e-01 9.660065391775219945e-01 1.011048891872007527e+00 9.531313567918486829e-01 1.031595186190757740e+00 1.030558933550703715e+00 1.039648163782453283e+00 9.558776081394099178e-01 1.015672250917758923e+00 9.736745773280357508e-01 9.428157866671356135e-01 9.457525779609352590e-01 1.003234970336043475e+00 9.839198982117586256e-01 1.000898256490208693e+00 1.047813470998404828e+00 9.533311895398961511e-01 9.710936440149624538e-01 1.007730119612033404e+00 9.949440757556266002e-01 9.784864527965237979e-01 9.643844494409709034e-01 1.038969641133637323e+00 1.023634942701110218e+00 9.323255326658533848e-01 1.001539585991437775e+00 9.948692143907836849e-01 1.036308753632735336e+00 1.022543087955608998e+00 1.004744430454870496e+00 9.833670844550291834e-01 9.609742322443980411e-01 9.693873849316595459e-01 9.173800429649512367e-01 9.831385466807559537e-01 9.257932956928471846e-01
8.936164915489064331e-01 1.005954658758668741e+00 9.982831905786225812e-01 9.487651994917377651e-01 9.958875061041244647e-01 9.543915541143270787e-01 1.055004553063292771e+00 9.755678180118870779e-01 1.026430130530243900e+00 1.047239702367516179e+00 9.571102252991680048e-01 9.785011852740012062e-01 9.773084370347865368e-01 9.586937485602010645e-01 1.005020085656314732e+00 1.011524344353194715e+00 9.772186968893180614e-01 9.471452045308698109e-01 1.039915757380799333e+00 1.043210182327365620e+00 9.852070277061298897e-01 9.642492493805362441e-01 1.026628104609569547e+00 9.603966822740571674e-01 9.742870866385160422e-01 9.643844494409709034e-01 9.694776903990078853e-01 1.017522546668579997e+00 1.008539694835044243e+00 1.011365327222489618e+00 9.931107319089241825e-01 1.003481387595869245e+00 1.023579994124845349e+00 9.867663642696885562e-01 1.019810791060769661e+00 9.805012277295158674e-01 9.630124844648925153e-01 9.517193432827475430e-01 1.032985546940770494e+00 9.985739402927850117e-01 9.591493510975552805e-01
9.277237579548744950e-01 9.081856248553671351e-01 9.675164541725019829e-01 9.687026159283708138e-01 9.848686748448584050e-01 8.731416662462878620e-01 9.495477177840752070e-01 9.185089370137220488e-01 1.085535854621483498e+00 9.767113703605856401e-01 9.689004050212020047e-01 1.024773287481145267e+00 1.005457081277826292e+00 1.109875303883914199e+00 9.979632837410198354e-01 1.050102554097469554e+00 9.783312146950360333e-01 1.058905731771385916e+00 9.153790281744950130e-01 9.663020274074719529e-01 9.587992465791564944e-01 9.539787173878157001e-01 1.011513026409801785e+00 1.011240358503169956e+00 9.836362892578125461e-01 1.038969641133637323e+00 1.017522546668579997e+00 1.051594293084005871e+00 1.086910209910244340e+00 9.772702110833266786e-01 9.870945839642694120e-01 1.007096149328266188e+00 1.048709111267653871e+00 9.722687989488416616e-01 1.011639705342203710e+00 1.034670505195571355e+00 9.549923099691516315e-01 1.012476669491362502e+00 1.021975022197139538e+00 9.783798596777479872e-01 1.050580959882547294e+00
9.593613674644224654e-01 9.480879394501753321e-01 9.569920713700855730e-01 8.806727926822883745e-01 9.435276024420791163e-01 8.655179618109585249e-01 1.012664649225763824e+00 9.585838278587204275e-01 9.012978201849057847e-01 9.722730452951433566e-01 9.705701276188692939e-01 9.651962560563525084e-01 9.275125590527524277e-01 9.816645926112324005e-01 1.029094604156745474e+00 1.085049599929946762e+00 9.899654185445461163e-01 1.015513173575488759e+00 9.869454660622151154e-01 9.925090870893564787e-01 1.037554202078843080e+00 1.029312835772586476e+00 9.489518239802742228e-01 1.028651073343121114e+00 1.033880197717986116e+00 1.023634942701110218e+00 1.008539694835044243e+00 1.086910209910244340e+00 1.045022709046566023e+00 9.336271144078496231e-01 9.947831857723904436e-01 1.017117964085831883e+00 1.026271157637892006e+00 9.519722679908111385e-01 1.034546965634677296e+00 9.871674509005757825e-01 1.028614889556616729e+00 9.766683596103835630e-01 9.682003599414540362e-01 1.040019190528525428e+00 1.013768189244959261e+00
9.400163658814520984e-01 8.495431505418699070e-01 9.926699740582498599e-01 9.368956580780953836e-01 1.012842745628494745e+00 9.138568920984103672e-01 9.412063403291525132e-01 1.012536153722309429e+00 1.009946890880210502e+00 9.371551733555761876e-01 9.765067271708324226e-01 1.038549696715564075e+00 9.956943030747489320e-01 1.027303826386984476e+00 9.525774717459012386e-01 9.929920699721573873e-01 9.709760141733511096e-01 1.057644721039769475e+00 9.363503042042925495e-01 9.694973290946636846e-01 9.773631640510984653e-01 9.910085233139571681e-01 9.761546805559133677e-01 1.010758840648571910e+00 1.091123339366549594e+00 9.323255326658533848e-01 1.011365327222489618e+00 9.772702110833266786e-01 9.336271144078496231e-01 9.521869319693593292e-01 9.652276515434640158e-01 1.035836163806348020e+00 1.027706016150077062e+00 9.485807172982962943e-01 1.084342831943962526e+00 9.431129290744120208e-01 1.101112728582145595e+00 1.019631153120750700e+00 9.551527433946277457e-01 9.324862138991332206e-01 1.018300396411088382e+00
9.380210080191223598e-01 9.506338445022667338e-01 9.141148549956300551e-01 9.552626528549132967e-01 9.553441579631241076e-01 9.156484508843814041e-01 1.024738039832397973e+00 1.078200535061206722e+00 8.967119198835309390e-01 8.863754417336322522e-01 9.506254733748638053e-01 9.890111059337868271e-01 1.024453159124278478e+00 9.572202517837290481e-01 9.921235904313275844e-01 1.001353455544438997e+00 9.678369412927002591e-01 9.062337551465102781e-01 1.005226231911241275e+00 9.732431933051013395e-01 9.586437598969560492e-01 1.011256960211445399e+00 9.521652376742144597e-01 1.036363389787992695e+00 1.036559201991580581e+00 1.001539585991437775e+00 9.931107319089241825e-01 9.870945839642694120e-01 9.947831857723904436e-01 9.652276515434640158e-01 9.769377779055747890e-01 9.837300315839933029e-01 1.043441559175501965e+00 1.002139073461411067e+00 1.070983902707078439e+00 1.019432597799019735e+00 1.048290180242840819e+00 1.016734201607922605e+00 1.062216454911431018e+00 9.025906175358111572e-01 9.860220970847112243e-01
9.700540078116838272e-01 8.909567836072135316e-01 9.879832547079273608e-01 9.333934678292639120e-01 9.236959076604052132e-01 8.074720119027041232e-01 1.022168434150035443e+00 9.144659620292044933e-01 9.712981646782541389e-01 8.971318904258526183e-01 9.514710653654608885e-01 1.029151048565113857e+00 9.927468383698088150e-01 9.599243154725057847e-01 9.895759020550904950e-01 1.071831553372835311e+00 9.310781917713613076e-01 9.583168447830153758e-01 9.718808304589900970e-01 9.141944883289110368e-01 8.707858078008592351e-01 1.025778999823702131e+00 9.401952093016070489e-01 9.725899664168969894e-01 9.970679463334235493e-01 9.948692143907836849e-01 1.003481387595869245e+00 1.007096149328266188e+00 1.017117964085831883e+00 1.035836163806348020e+00 9.837300315839933029e-01 9.992925066032447567e-01 1.002427853752164033e+00 1.002493474874887047e+00 1.006350287133559673e+00 9.627889305113765950e-01 1.011302497309005677e+00 9.745325864919852643e-01 9.516004007518275021e-01 9.893889831579921745e-01 9.331878268079274452e-01
1.025192529136360164e+00 9.662478679036095031e-01 9.362258613893360559e-01 1.036008069771111151e+00 9.610321508323445006e-01 9.137074548525677686e-01 8.969870076582268092e-01 9.841271957502986112e-01 1.045180554268794193e+00 1.003957398284695879e+00 8.805927620236716491e-01 1.017317081971828685e+00 1.004408007576913286e+00 9.873899458364349124e-01 9.309886671603030406e-01 1.051300148131809831e+00 1.004675002103818882e+00 1.027121400775240279e+00 9.283368152782276450e-01 9.832033745873350883e-01 9.612373815483002959e-01 9.987696711677203076e-01 1.045607391435714684e+00 9.988525153303369208e-01 1.029012466508476109e+00 1.036308753632735336e+00 1.023579994124845349e+00 1.048709111267653871e+00 1.026271157637892006e+00 1.027706016150077062e+00 1.043441559175501965e+00 1.002427853752164033e+00 1.016384936082773027e+00 1.044331701355319053e+00 1.021633544155387652e+00 1.024402543138088983e+00 1.045077944637096579e+00 1.081901126399611224e+00 1.057059148246276559e+00 1.068283907205587413e+00 1.052644989448403789e+00
9.276612422513161871e-01 9.472888743358757191e-01 9.705045494760718983e-01 9.026253633251267727e-01 1.033957970715415842e+00 8.632635417381481213e-01 8.916732372029826381e-01 9.547851087630887523e-01 9.605936644189834173e-01 9.048751514262441953e-01 9.511236948170711525e-01 9.509458124459551076e-01 9.628147586354276477e-01 9.300992473765328228e-01 9.652591022580037095e-01 9.100909786663868850e-01 1.012701373170982633e+00 1.087997515018053418e+00 8.811090339953557837e-01 9.430667117716836634e-01 8.886496964398761245e-01 9.421492996149535282e-01 9.371568300210210145e-01 9.468413763830170193e-01 9.635222073358060690e-01 1.022543087955608998e+00 9.867663642696885562e-01 9.722687989488416616e-01 9.519722679908111385e-01 9.485807172982962943e-01 1.002139073461411067e+00 1.002493474874887047e+00 1.044331701355319053e+00 1.120138668773442037e+00 1.119148972752342264e+00 9.909209260583659029e-01 1.047897392866312449e+00 9.814076884353160057e-01 1.000420250275217526e+00 1.027229235256650330e+00 9.074612442070386642e-01
9.174194168878075928e-01 9.634188804928500716e-01 8.690488534116975750e-01 9.720981381988095249e-01 9.753761625341733632e-01 9.291258722649409219e-01 1.020008337006909738e+00 9.610653415080950834e-01 9.656182820463369287e-01 1.021542841758423137e+00 1.004449389166746087e+00 9.630645728561911811e-01 1.012364861991037257e+00 9.784545321869151380e-01 9.204198097866708173e-01 9.975235014318295512e-01 9.997785984103633172e-01 1.001926351970828799e+00 9.989380959152787121e-01 1.052227140783307924e+00 9.871949249786333702e-01 9.306464120079374069e-01 9.502012797603895944e-01 1.015969108647323260e+00 1.123043877479734443e+00 1.004744430454870496e+00 1.019810791060769661e+00 1.011639705342203710e+00 1.034546965634677296e+00 1.084342831943962526e+00 1.070983902707078439e+00 1.006350287133559673e+00 1.021633544155387652e+00 1.119148972752342264e+00 9.391042461049591283e-01 1.071702159930792542e+00 1.045558805154981785e+00 1.023779372243499797e+00 1.052249631118423956e+00 1.057932804907570468e+00 1.053851343329599066e+00
9.355230607241588059e-01 9.077724617600472223e-01 9.514552417322639233e-01 9.977906654780237528e-01 9.157795569605050590e-01 9.358265912711035694e-01 9.019842154261561440e-01 9.105354591444740908e-01 9.678623793562783906e-01 9.541561278447094896e-01 8.949650885813990042e-01 1.029143197013588251e+00 1.012716391865421617e+00 9.941553631244012257e-01 9.156962764045144532e-01 9.635127736886544003e-01 9.002817986734049649e-01 9.326896000293164457e-01 1.017902194212601863e+00 9.068862665932828637e-01 9.877327432705397259e-01 9.812574773795963434e-01 9.184499982290288411e-01 9.276546849303199949e-01 9.715267939333214198e-01 9.833670844550291834e-01 9.805012277295158674e-01 1.034670505195571355e+00 9.871674509005757825e-01 9.431129290744120208e-01 1.019432597799019735e+00 9.627889305113765950e-01 1.024402543138088983e+00 9.909209260583659029e-01 1.071702159930792542e+00 1.213749554961556898e+00 1.078084390583691654e+00 9.957769083605971794e-01 1.008589718788746259e+00 1.026176040822439184e+00 1.023906356448721855e+00
9.466369970915871068e-01 9.950135018676321552e-01 1.017267884748044970e+00 9.924784380463009814e-01 9.271829859997946510e-01 9.627830028603806545e-01 8.884185315559001150e-01 9.029575344655469404e-01 1.018934970419525410e+00 9.254981338887757758e-01 1.057727918535798173e+00 9.521874934753933317e-01 9.635913921511666258e-01 1.037629227976864410e+00 1.037527920271510196e+00 8.907987749002841404e-01 9.346422818159828561e-01 9.753880626626966199e-01 1.001559627612225389e+00 1.012283636821034616e+00 9.434541616523803853e-01 1.077204009462724432e+00 9.796923167932899412e-01 9.408985465847358176e-01 1.006569082204889165e+00 9.609742322443980411e-01 9.630124844648925153e-01 9.549923099691516315e-01 1.028614889556616729e+00 1.101112728582145595e+00 1.048290180242840819e+00 1.011302497309005677e+00 1.045077944637096579e+00 1.047897392866312449e+00 1.045558805154981785e+00 1.078084390583691654e+00 1.039422962784544824e+00 9.631420534030685765e-01 1.042516627337061408e+00 9.811979259401381048e-01 1.002209425714286395e+00
9.433554720058279219e-01 8.530536424501872217e-01 9.416080644113796749e-01 9.238782674019649921e-01 9.379401993749142408e-01 9.145746162901009502e-01 9.027289351134644146e-01 9.248929890217753025e-01 1.015444312584241615e+00 1.017903323127271165e+00 9.558224533967148995e-01 9.784429912124822382e-01 9.739535896688737981e-01 9.770221941637784457e-01 9.094232252482530310e-01 9.390981058196429254e-01 1.031252701954189277e+00 9.226368751103152244e-01 9.199178142815218617e-01 8.837888945579632782e-01 1.002329346058403736e+00 9.591473545342211748e-01 9.707043292626428288e-01 9.925724136583272683e-01 9.998494432093529838e-01 9.693873849316595459e-01 9.517193432827475430e-01 1.012476669491362502e+00 9.766683596103835630e-01 1.019631153120750700e+00 1.016734201607922605e+00 9.745325864919852643e-01 1.081901126399611224e+00 9.814076884353160057e-01 1.023779372243499797e+00 9.957769083605971794e-01 9.631420534030685765e-01 9.390877248647536701e-01 1.007459157223187463e+00 1.002147519234430240e+00 9.661958267356224317e-01
9.553611989409126481e-01 9.845928665000223123e-01 9.667869066652535759e-01 9.217563712088712169e-01 9.369994162396624304e-01 1.001920998930664108e+00 9.872218335469244987e-01 8.556818875329509355e-01 1.008533819302501966e+00 8.928193858848997300e-01 8.845034101116691083e-01 9.107327917859281419e-01 9.679978757121625588e-01 8.894129811894796456e-01 9.957327906226265402e-01 1.031794452331981971e+00 1.011455818103196735e+00 9.752170627495874156e-01 1.035909785534580685e+00 9.795230120651265970e-01 9.568279157416135217e-01 9.580053321754694595e-01 9.719844523079960164e-01 9.875075320397763701e-01 9.239110526988322247e-01 9.173800429649512367e-01 1.032985546940770494e+00 1.021975022197139538e+00 9.682003599414540362e-01 9.551527433946277457e-01 1.062216454911431018e+00 9.516004007518275021e-01 1.057059148246276559e+00 1.000420250275217526e+00 1.052249631118423956e+00 1.008589718788746259e+00 1.042516627337061408e+00 1.007459157223187463e+00 1.128740456193135788e+00 9.893186075060332874e-01 9.752961067158231190e-01
