9.999897957800812920e-01 1.010019703189854567e+00 1.001822433944927981e+00 1.016427493140077631e+00 1.023569491625433425e+00 1.016225804968558855e+00 1.015152926711930803e+00 1.014609761670378196e+00 1.014998504190324224e+00 1.014215552156009226e+00 1.011258193525088611e+00 1.005763128821627328e+00 1.017189278319640566e+00 1.022131745517824042e+00 1.003470849891125560e+00 1.010869758205540814e+00 1.023815517671199160e+00 1.012475007068105226e+00 1.029310249817947165e+00 1.021536140768783296e+00 1.029699396648459109e+00 1.017349322467575146e+00 1.026692597152521369e+00 1.029019966041373246e+00 1.032574103462000403e+00 1.043393977463010325e+00 1.034564352382356889e+00 1.041457186866793005e+00 1.023027921086458125e+00 1.041745080021261982e+00 1.035809512244151298e+00 1.064557565684326246e+00 1.045660811736867757e+00 1.073183520629993781e+00 1.059295418449588189e+00 1.069387978100699188e+00 1.059073846999016633e+00 1.099482719145196352e+00 1.095250710545110362e+00 1.125069227610632216e+00 1.045150525812555964e+00 1.012578025094017509e+00 9.734732760118315342e-01 9.691847189739161150e-01 9.596792284798268957e-01 9.477123546166983381e-01 9.685604780104645206e-01 9.371547477009157801e-01 9.382239546873275549e-01 9.488082336325825983e-01 9.703670008442529804e-01 9.672556730940979897e-01 9.737186936267320236e-01 9.691225542256060033e-01 9.592975816305194803e-01 9.486972804809850057e-01 9.821316564184950915e-01 9.768570347917033825e-01 9.682423473708169359e-01 9.616418978382854643e-01 9.405579323793086255e-01 9.559889694970907792e-01 1.004510471508850200e+00 9.699021396391361849e-01 9.719204428851867528e-01 9.673857424380080117e-01 9.826516191582896909e-01 9.678126602534898870e-01 9.529134599275642659e-01 9.532662663685812499e-01 9.485219516167435749e-01 9.545572678447761250e-01 9.767751379147431301e-01 9.533262266937496676e-01 9.805159153712853515e-01 9.737496485267421731e-01 9.515474700761199500e-01 9.799797924996779264e-01 9.670799195289527805e-01 9.776676799503489779e-01 9.959534740304518685e-01
1.010019703189854567e+00 1.006767056313811359e+00 1.011537402563496224e+00 1.027329338125406277e+00 1.024946119850346449e+00 1.017785726875092500e+00 1.019703353179140626e+00 1.011614837493856944e+00 1.010835567292649895e+00 1.022955675226060013e+00 1.011939113479080721e+00 1.027340696940670206e+00 1.023568802106822773e+00 1.023228625029946715e+00 1.021098455693173479e+00 1.025907419414052280e+00 1.028465931723703486e+00 1.005953070835013285e+00 1.026377865754575014e+00 1.015200152384858612e+00 1.027780601052700860e+00 1.020240538854425782e+00 1.028737299840504882e+00 1.043104551611853559e+00 1.024585164777836122e+00 1.043164819279129629e+00 1.043548159099811468e+00 1.030049533268863504e+00 1.051967508481371549e+00 1.055758947373664158e+00 1.053021440056717051e+00 1.058663861062037359e+00 1.062695447384867098e+00 1.066145565953547703e+00 1.039109849057715973e+00 1.073355735651251974e+00 1.083942116897103958e+00 1.104641592933236494e+00 1.100771563863656377e+00 1.110075957243843003e+00 1.052725800959354752e+00 1.014410574395259390e+00 9.994719701532986944e-01 9.701822015585909176e-01 9.502678325296137762e-01 9.571542450277391589e-01 9.693420696719488028e-01 9.608855090077551564e-01 9.615619159262090987e-01 9.780122696605387800e-01 9.637283523664152973e-01 9.760001326599248017e-01 9.658854274212962387e-01 9.816936237696712864e-01 9.688685931709054566e-01 9.520255995425231932e-01 9.466938619958488177e-01 9.588067918826533864e-01 9.752773587059142546e-01 9.744724621234510664e-01 9.763821128561126494e-01 9.284416374371456948e-01 9.862676798025750147e-01 9.869089967759621107e-01 9.768070662020359451e-01 9.540473407121391469e-01 9.705968579173750443e-01 9.716762115790660292e-01 9.797210134417352334e-01 9.656140433921401867e-01 9.794723531777543846e-01 9.767539708199355353e-01 9.484566452614802134e-01 9.887658166062093246e-01 9.708293968209923408e-01 9.719585922048653570e-01 9.823438460956700480e-01 9.672052443179104397e-01 1.009075486693755908e+00 9.795833990816440462e-01 9.697773051629746677e-01
1.001822433944927981e+00 1.011537402563496224e+00 9.714641293777565023e-01 1.016711980273980576e+00 1.016017577928426618e+00 1.020924617044945526e+00 1.021670682464894897e+00 1.012361369359370045e+00 1.014655441411809633e+00 1.017664881362299045e+00 1.003336557873171442e+00 1.016563067330470860e+00 1.010027896008695469e+00 1.011887207007919898e+00 1.011313517748994695e+00 1.012291282582515439e+00 1.012788071333277751e+00 1.002263099023093407e+00 1.017145911280333381e+00 1.013262252325870527e+00 1.025516097346673927e+00 1.023560221815181137e+00 1.014303000235578844e+00 1.039587584226416617e+00 1.027668139155935911e+00 1.031381237584750421e+00 1.041275342902467482e+00 1.030767864864721384e+00 1.030759896818302046e+00 1.030393749605708065e+00 1.029857269007040221e+00 1.053504242317135908e+00 1.050303844180207058e+00 1.062861954462276382e+00 1.046773764992535494e+00 1.059991942084294703e+00 1.074921972959934191e+00 1.097629920065816611e+00 1.100915052099638025e+00 1.094465497631903927e+00 1.041867258690664544e+00 1.012366762158661171e+00 9.671131792489566781e-01 9.547588984602534135e-01 9.395867777004318633e-01 9.374288077345436232e-01 9.238209971648896346e-01 9.536100329215275728e-01 9.635541462436316706e-01 9.667988315254636422e-01 9.261135670051212632e-01 9.528203713541076869e-01 9.376526069544578457e-01 9.670660679548200855e-01 9.648661802434127521e-01 9.554935144625421595e-01 9.503670179878884738e-01 9.489777840600530645e-01 9.577495710023395947e-01 9.755558950654659167e-01 9.548015961169752375e-01 9.568047648581956555e-01 9.817936606677638567e-01 9.599099463191431703e-01 9.358864874358817643e-01 9.746878759540582582e-01 9.352119236925123813e-01 9.570923956024841583e-01 9.506755368012431706e-01 9.466092659015722388e-01 9.765433714086685368e-01 9.602710501126703324e-01 9.783166195439456647e-01 9.725245907522669375e-01 9.703140456540890746e-01 9.353631739715289051e-01 9.661202370810504370e-01 9.732525288956250797e-01 9.511819194987344295e-01 9.459646676720393499e-01 9.742862511965484362e-01
1.016427493140077631e+00 1.027329338125406277e+00 1.016711980273980576e+00 1.019074588134734061e+00 1.000213579603902225e+00 1.010664962197375782e+00 1.015877354941919775e+00 1.011168997930278479e+00 1.003324390895335094e+00 1.017067488257699104e+00 1.008799724347833493e+00 1.017349346264560861e+00 1.009180126255262655e+00 1.015181395047206836e+00 1.011717367101014009e+00 1.008144913756666705e+00 1.006500768994883499e+00 1.002968161538018821e+00 1.022014745455010809e+00 1.020567095284152792e+00 1.030118467238206215e+00 1.013065096439821344e+00 1.019266350369936180e+00 1.016643392255721201e+00 1.032435253995380942e+00 1.028503010457181954e+00 1.031593194149365678e+00 1.023816518396454267e+00 1.041595488956879922e+00 1.020920875394341065e+00 1.037756317964840136e+00 1.055589627034795308e+00 1.044876971800464904e+00 1.050529066240155629e+00 1.045952459842259152e+00 1.078601242984674746e+00 1.091875408679439552e+00 1.094090109828986135e+00 1.092607883822452441e+00 1.095404400362026909e+00 1.052391172898824445e+00 1.018940884946391234e+00 9.637056514959547737e-01 9.495351623682787290e-01 9.557341374705700110e-01 9.465428662804545867e-01 9.438514552693755277e-01 9.624812450022905974e-01 9.220418634198667140e-01 9.661706166534962392e-01 9.451696665911706319e-01 9.703006312552865387e-01 9.677340491783049670e-01 9.577759773703806712e-01 9.723038624533183460e-01 9.584784792723481939e-01 9.571098611340554951e-01 9.475616549952151635e-01 9.568293189407108823e-01 9.633657470026052438e-01 9.628133265053869794e-01 9.711763530780163078e-01 9.739167627778156922e-01 9.605580889014634360e-01 9.692408354071047061e-01 9.655916472580817755e-01 9.277761383900652303e-01 9.760782939804768521e-01 9.497099173013771045e-01 9.573592945207095584e-01 9.594845534479850002e-01 9.558393101633685385e-01 9.666774046275614651e-01 9.760826773800079792e-01 9.649015249997794363e-01 9.945585106689086574e-01 9.833697897236823859e-01 9.830689892285976450e-01 9.970236356002059042e-01 1.014698737354889913e+00 9.792600957431411013e-01
1.023569491625433425e+00 1.024946119850346449e+00 1.016017577928426618e+00 1.000213579603902225e+00 1.011633737554714418e+00 1.016027412639690208e+00 1.021231107399694471e+00 1.009923956875453221e+00 1.008399052149362651e+00 1.016835183154703337e+00 1.012848562391250873e+00 1.022317142969449089e+00 1.005691078535549288e+00 1.017231941607620982e+00 1.015976388579117762e+00 1.022734208201294903e+00 1.017719622947594882e+00 1.009523465187007751e+00 1.021224088087126614e+00 1.019031351753525660e+00 1.025298207215703972e+00 1.033143731840707735e+00 1.021905981326705737e+00 1.036337962110706501e+00 1.039553356959348474e+00 1.034540964613143599e+00 1.036878278128311015e+00 1.040986748371896198e+00 1.036457899665451210e+00 1.056130583258279465e+00 1.044245334711174200e+00 1.071576722538813087e+00 1.056606085151378771e+00 1.056376616419115289e+00 1.058266413800224015e+00 1.068027852827917901e+00 1.072482577696132200e+00 1.107566322999695041e+00 1.111985755562499456e+00 1.113824751300250604e+00 1.050850831761154014e+00 1.009476758762860138e+00 9.704483675115431751e-01 9.594803765387446282e-01 9.566614003778830533e-01 9.615879923417579578e-01 9.618766021475961825e-01 9.603405817478150031e-01 9.700569771999820734e-01 9.560094660889719709e-01 9.496316650065534937e-01 9.765159424928130383e-01 9.426499310834199896e-01 9.785463766803873531e-01 9.729765257425289082e-01 9.589953790952219226e-01 9.655653593061256368e-01 9.358864680736251884e-01 9.464781908620758522e-01 9.671332854067107299e-01 9.592350173669786928e-01 9.631106864883989260e-01 9.794914836704823324e-01 9.559005304698432459e-01 9.664947378209882700e-01 9.759651397598692046e-01 9.819423197131437187e-01 9.564728339217979380e-01 9.535983134132192118e-01 9.352171753760589734e-01 9.588297803071095249e-01 9.678716634571689070e-01 9.713837569210288514e-01 9.429952332154670769e-01 9.564187754990547408e-01 9.516404732000532940e-01 9.779545730537114734e-01 9.741316405383591004e-01 9.735929812375428982e-01 1.005449515387059511e+00 9.613831721595984536e-01
1.016225804968558855e+00 1.017785726875092500e+00 1.020924617044945526e+00 1.010664962197375782e+00 1.016027412639690208e+00 9.933384899767838672e-01 1.017370221004964437e+00 1.001735929460966235e+00 1.004921805015944525e+00 1.012236581048102657e+00 1.006229602124836697e+00 9.956185288165291247e-01 1.014576363890802968e+00 1.009349890864717603e+00 1.007713040937050941e+00 1.002968846998683938e+00 1.010385261555609038e+00 9.959444117587706868e-01 1.015346961053282149e+00 1.017299985825324438e+00 1.020956993904311716e+00 1.027305189205268254e+00 1.020970853939647371e+00 1.030528159700959456e+00 1.036763390341689961e+00 1.023534501991907542e+00 1.026198869843767403e+00 1.032209424465224901e+00 1.031913083494429006e+00 1.047063566747429508e+00 1.023974927118994405e+00 1.047696003799217124e+00 1.049310765397793110e+00 1.052454907963613184e+00 1.042451446073657584e+00 1.049729481081606908e+00 1.081668365852357594e+00 1.081310566812983653e+00 1.102581670694953164e+00 1.112393486785295149e+00 1.044117496893654407e+00 1.012239663313061255e+00 9.599138208270437955e-01 9.550098453163869960e-01 9.477723051090465312e-01 9.536087098677569207e-01 9.565945644620802435e-01 9.387422995962506622e-01 9.384421594322077675e-01 9.481206533445915019e-01 9.497791350566084922e-01 9.682253058151122360e-01 9.706240238859455971e-01 9.477377948849483591e-01 9.465733352052977390e-01 9.496331783096623180e-01 9.550191180671064872e-01 9.403377726363285616e-01 9.604030438348510890e-01 9.601484636518983207e-01 9.560302851302691085e-01 9.414553130149991844e-01 9.621109983967497392e-01 9.453565285945135788e-01 9.632941564822393721e-01 9.614191787526309430e-01 9.771107343351101981e-01 9.599583125562284325e-01 9.607389080431494310e-01 9.424116278875035446e-01 9.647876905672966297e-01 9.620525921878287923e-01 9.627086960463308030e-01 9.779652247038107538e-01 9.522840065044436697e-01 9.486750530354735034e-01 9.844602863114441105e-01 9.834725676798223848e-01 9.710884362157754524e-01 9.788375883431971181e-01 9.554930423232627090e-01
1.015152926711930803e+00 1.019703353179140626e+00 1.021670682464894897e+00 1.015877354941919775e+00 1.021231107399694471e+00 1.017370221004964437e+00 1.009028264451315993e+00 9.948729127508560977e-01 9.957456776489328476e-01 1.006054523021790104e+00 1.003500146221218081e+00 9.961429843308239329e-01 1.007311336480198216e+00 1.007285498055201511e+00 1.005646476003418943e+00 1.011145235203342096e+00 1.001167964079225703e+00 1.004922240404752865e+00 1.012375292953026085e+00 1.011888690894379383e+00 1.000645959310419997e+00 1.021017079232113600e+00 1.008916308916220528e+00 1.025078613639968550e+00 1.030143016278875390e+00 1.030041447868109028e+00 1.031716097044444336e+00 1.033776187735159890e+00 1.026013710690402148e+00 1.046588481411236726e+00 1.033327218954842586e+00 1.047932164652279674e+00 1.063216017931643664e+00 1.059786043651887999e+00 1.037404597202941980e+00 1.061098410523643176e+00 1.085637171698035530e+00 1.095627519404516637e+00 1.106606897453992877e+00 1.103460607367755975e+00 1.052371855997214833e+00 1.007767886295402704e+00 9.762979573556677115e-01 9.494403453797458647e-01 9.418875539700592991e-01 9.426966280644296647e-01 9.432948066751859484e-01 9.579722968791776205e-01 9.439338075539482897e-01 9.558219331506999650e-01 9.527703987297585497e-01 9.637164853995431324e-01 9.496474093869776700e-01 9.558665265789076937e-01 9.630153588761872774e-01 9.601655394690077339e-01 9.612529563361498219e-01 9.333536564406146319e-01 9.354520394827848806e-01 9.643623600580897293e-01 9.520408577815721030e-01 9.577800782678971281e-01 9.635171200278547232e-01 9.525484347067554314e-01 9.593218330270557592e-01 9.318549682572098147e-01 9.692102792415353552e-01 9.817048130600747324e-01 9.389727058149734962e-01 9.245078281633950512e-01 9.605083100302895804e-01 9.588750962232546193e-01 9.509093409696127708e-01 9.519513744244536557e-01 9.527268004773663534e-01 9.718669101271916189e-01 9.709869141146914018e-01 9.987018967114847934e-01 9.663168233057954914e-01 9.731431136945829508e-01 9.973831239878798716e-01
1.014609761670378196e+00 1.011614837493856944e+00 1.012361369359370045e+00 1.011168997930278479e+00 1.009923956875453221e+00 1.001735929460966235e+00 9.948729127508560977e-01 1.014709883851006023e+00 1.007149669336327769e+00 1.011748820473953092e+00 9.891986573165035823e-01 1.004835344153334420e+00 1.009469088594149300e+00 1.014643164055760716e+00 1.009175456142064942e+00 1.009826212442478388e+00 1.004764856619807079e+00 1.008398783525526587e+00 1.020371998089460552e+00 1.005245918073592870e+00 1.024773343934116010e+00 1.020801414758330194e+00 1.029474680339381942e+00 1.034424775458319790e+00 1.021689201908915878e+00 1.029779935990468909e+00 1.031505114974056836e+00 1.029984074385265069e+00 1.042057366943168084e+00 1.033965644520843830e+00 1.046470019065394164e+00 1.056320419237382957e+00 1.059805431167757384e+00 1.060799127454293389e+00 1.047675517816020418e+00 1.060147073506417792e+00 1.080996721728502363e+00 1.091094942843084059e+00 1.100870000833402917e+00 1.104029946350765679e+00 1.051248538955052991e+00 9.857914158941372129e-01 9.644033487781852321e-01 9.530077557416690714e-01 9.254262838379189171e-01 9.396755751971435089e-01 9.651097253745467563e-01 9.702874871734782358e-01 9.485147125691266723e-01 9.592243464231580141e-01 9.555101871811767511e-01 9.621984694380091296e-01 9.654619685870409196e-01 9.532740275616975456e-01 9.656767684716938138e-01 9.486313788668374603e-01 9.452568837060307816e-01 9.381928248667862347e-01 9.497285881733902313e-01 9.558369310084782189e-01 9.551130114542387695e-01 9.743372230224097708e-01 9.640666175521028780e-01 9.790005129387555627e-01 9.492729404082117517e-01 9.576701215176574022e-01 9.572551288288579929e-01 9.717650427639911159e-01 9.593821019139187056e-01 9.363835465110332823e-01 9.772767098726891088e-01 9.526788137747056462e-01 9.554132126933665425e-01 9.770966936708779249e-01 9.548080002969765445e-01 9.581453956556957863e-01 9.625364736998269777e-01 9.640216725591884694e-01 9.802226604728452308e-01 9.753198486670078271e-01 9.659488756039317225e-01
1.014998504190324224e+00 1.010835567292649895e+00 1.014655441411809633e+00 1.003324390895335094e+00 1.008399052149362651e+00 1.004921805015944525e+00 9.957456776489328476e-01 1.007149669336327769e+00 9.957761731381482573e-01 1.012474318563419073e+00 1.001717349740822049e+00 9.958386086464313669e-01 9.987701942463688143e-01 1.004043496133087965e+00 1.008575367818613122e+00 1.004068364315225059e+00 1.006441890375619153e+00 9.959178906613391780e-01 1.011942937601426173e+00 9.960856930457676617e-01 1.010264626269011146e+00 1.003204913515853391e+00 1.012307367642847122e+00 1.010231981564786219e+00 1.018511925231539550e+00 1.022743524194211995e+00 1.023540857194593645e+00 1.025972267694397644e+00 1.022555190813246639e+00 1.028909947683405157e+00 1.045262751144042657e+00 1.055889191708603958e+00 1.047791536744820728e+00 1.041685278232575618e+00 1.056103126175517160e+00 1.079122536568118740e+00 1.092051750770103746e+00 1.089734319752896141e+00 1.083364415845957440e+00 1.086761904062656159e+00 1.041396445320900810e+00 9.986240048119207069e-01 9.547661374095690601e-01 9.375747477882468983e-01 9.340160999968041278e-01 9.221798322823503424e-01 9.410627921270663387e-01 9.526450237867385429e-01 9.468135976701265166e-01 9.530526453982430812e-01 9.364897009373143177e-01 9.498911435825139193e-01 9.462803214093110649e-01 9.620359100939467334e-01 9.509383262224077038e-01 9.628492510449939701e-01 9.526261884685149894e-01 9.315504854164122772e-01 9.440988652343255128e-01 9.574844893076355223e-01 9.583489688889115232e-01 9.328441734817567443e-01 9.724480115329501295e-01 9.382900771827062947e-01 9.499572584628432903e-01 9.466425731473065985e-01 9.430726398172439850e-01 9.413163322379753950e-01 9.376284832663369651e-01 9.333853695349527690e-01 9.597632056239057130e-01 9.419296330024419239e-01 9.648637685941942044e-01 9.702217405580337850e-01 9.429964706249290840e-01 9.401568734236095404e-01 9.661623982061818827e-01 9.705784925709918243e-01 9.785059240007198955e-01 9.732675938957701112e-01 9.753081419015752207e-01
1.014215552156009226e+00 1.022955675226060013e+00 1.017664881362299045e+00 1.017067488257699104e+00 1.016835183154703337e+00 1.012236581048102657e+00 1.006054523021790104e+00 1.011748820473953092e+00 1.012474318563419073e+00 1.012553136837609280e+00 1.012844052639194858e+00 1.016197042305188480e+00 1.018600235730377834e+00 1.016943860602046890e+00 1.023713249985021889e+00 1.011553914414659028e+00 1.017090927957958524e+00 1.011899613638244766e+00 1.031216730492060529e+00 1.017538056637770749e+00 1.019026897797566944e+00 1.028122084612333120e+00 1.023144337690907513e+00 1.028526478486753160e+00 1.039601146243443797e+00 1.036321542113464611e+00 1.039096504719760894e+00 1.032098170296629647e+00 1.033668021137095661e+00 1.049912648522974834e+00 1.039546239433697172e+00 1.068564078823373897e+00 1.058259851629137493e+00 1.063850881644888391e+00 1.056892142257939593e+00 1.072638829347234868e+00 1.078750431520308695e+00 1.099472463548882839e+00 1.116653036380705233e+00 1.110795581173716018e+00 1.086232699592475814e+00 1.015609928895756076e+00 9.661479512091424304e-01 9.498198512431632601e-01 9.330527803454393698e-01 9.414571162899516565e-01 9.559526429103177847e-01 9.557744927995813766e-01 9.429512754261624163e-01 9.593517991859100702e-01 9.512878269011152410e-01 9.637843961475291987e-01 9.606041141363912406e-01 9.728270620824300829e-01 9.597824269571334499e-01 9.551744022532250300e-01 9.601596668654991396e-01 9.482273459369625623e-01 9.729779102479253483e-01 9.569017618543154136e-01 9.515240787231563635e-01 9.575145000012100782e-01 9.754704100407356471e-01 9.784273729111313544e-01 9.832750870822245526e-01 9.314109451504972714e-01 9.672285639002888846e-01 9.681116241114677834e-01 9.810812836508728818e-01 9.590094185920648995e-01 9.561893848500121473e-01 9.639343887305042990e-01 1.005430810403399100e+00 9.547252027214823134e-01 9.613998156042317111e-01 9.474208633366830723e-01 9.743302468022546625e-01 9.740376701797955894e-01 9.724719559137781077e-01 1.003332676771791387e+00 9.813751603558640291e-01
1.011258193525088611e+00 1.011939113479080721e+00 1.003336557873171442e+00 1.008799724347833493e+00 1.012848562391250873e+00 1.006229602124836697e+00 1.003500146221218081e+00 9.891986573165035823e-01 1.001717349740822049e+00 1.012844052639194858e+00 9.920180827888165354e-01 9.982584938676669628e-01 1.010710086307588629e+00 1.007675470840403653e+00 9.977115743957200023e-01 1.006769141208350593e+00 1.000320691379464222e+00 1.005327299959944520e+00 1.013236186000779471e+00 1.007709752930580738e+00 1.008209445004982774e+00 1.022051289010864616e+00 1.030845228826247517e+00 1.020513083620733452e+00 1.017871312745007195e+00 1.017618111789771129e+00 1.015229584604503188e+00 1.022013858030713429e+00 1.039829492169238812e+00 1.018372545142723240e+00 1.023246571781110337e+00 1.045957447428334852e+00 1.049185702376450813e+00 1.056497011704722988e+00 1.040638785976634395e+00 1.055038385413688884e+00 1.076391919749371651e+00 1.089256988353580979e+00 1.096838755508489749e+00 1.077995129573829258e+00 1.037421059023655889e+00 9.979196915920998112e-01 9.554105398031551566e-01 9.434054679847350133e-01 9.257058176058323706e-01 9.297211518627153115e-01 9.603468325250874571e-01 9.415382948851572786e-01 9.219316646014334982e-01 9.489564284058998878e-01 9.582886156442859127e-01 9.452422819613347515e-01 9.422779915678995977e-01 9.463162324134031245e-01 9.584183727798489816e-01 9.351679822151658383e-01 9.414083795853201986e-01 9.517323303532564394e-01 9.454805578041725056e-01 9.514283885804014629e-01 9.331250167410780616e-01 9.586391268567774349e-01 9.532875721176927719e-01 9.613492561388677915e-01 9.822377179191444929e-01 9.699727480181259409e-01 9.390303375291982890e-01 9.647200586435330516e-01 9.404901675642750591e-01 9.260227903256402771e-01 9.499632241431492652e-01 9.506348304402773008e-01 9.355788688543874576e-01 9.708615505466720030e-01 9.474695801374151127e-01 9.506392232398522824e-01 9.771569497516262581e-01 9.671607564719040262e-01 9.773436818681323635e-01 9.562242697907871181e-01 9.954260058310064885e-01
1.005763128821627328e+00 1.027340696940670206e+00 1.016563067330470860e+00 1.017349346264560861e+00 1.022317142969449089e+00 9.956185288165291247e-01 9.961429843308239329e-01 1.004835344153334420e+00 9.958386086464313669e-01 1.016197042305188480e+00 9.982584938676669628e-01 1.007060989270191609e+00 1.001259592690325384e+00 1.005851356442169831e+00 1.003784151807581626e+00 1.003797884283822883e+00 9.917440691703688360e-01 9.963189692686670318e-01 1.009317785097454845e+00 1.002789631237875012e+00 1.005139203646305823e+00 1.017574351577857472e+00 1.011651214032854407e+00 1.015135658322250833e+00 1.019853593119461665e+00 1.021282009590741113e+00 1.010909435067715467e+00 1.016882844555736076e+00 1.026261936850446865e+00 1.029064370470211376e+00 1.027090303024626117e+00 1.039336056056135105e+00 1.044126946347195384e+00 1.049805423074361421e+00 1.038143228543925378e+00 1.065007833159864692e+00 1.062497309146632762e+00 1.066830602832125940e+00 1.088524577376234426e+00 1.110358892464447189e+00 1.046811391949262759e+00 9.985500421067980970e-01 9.581857585429672808e-01 9.475587301216075176e-01 9.167611955477147356e-01 9.212471360304758106e-01 9.491336853391180162e-01 9.387035902430977963e-01 9.425603639365771613e-01 9.538733587651007095e-01 9.374780059402625376e-01 9.489035774854788219e-01 9.346063056015471160e-01 9.476502141907182653e-01 9.574883509779864577e-01 9.588462204054897242e-01 9.484987994963119950e-01 9.402678930035041072e-01 9.380919751753690194e-01 9.430814459414899042e-01 9.444488279547660348e-01 9.285233384183828598e-01 9.511939692801707480e-01 9.496320849493318228e-01 9.587238351166949002e-01 9.611896289319723508e-01 9.653132252591568596e-01 9.477699619856253532e-01 9.635800872895546876e-01 9.648431179623967457e-01 9.357049216936188518e-01 9.479256276799474801e-01 9.611693037359985148e-01 9.643631399539480675e-01 9.512857221741616298e-01 9.514155587381198931e-01 9.811804179770323708e-01 9.821658084714826042e-01 9.929680415868307186e-01 9.847649491983031522e-01 9.628351897530631476e-01
1.017189278319640566e+00 1.023568802106822773e+00 1.010027896008695469e+00 1.009180126255262655e+00 1.005691078535549288e+00 1.014576363890802968e+00 1.007311336480198216e+00 1.009469088594149300e+00 9.987701942463688143e-01 1.018600235730377834e+00 1.010710086307588629e+00 1.001259592690325384e+00 9.890082204502036456e-01 1.001502670154341690e+00 1.001227617731429209e+00 1.000142064705918710e+00 9.999389970191550070e-01 9.994048282982870290e-01 1.012637594406347707e+00 1.003231957072322711e+00 1.000000268952150329e+00 1.021077154078023463e+00 1.021002225516003836e+00 1.025762699060724703e+00 1.027323982403159253e+00 1.022528498725933321e+00 1.027054297609047984e+00 1.022403529350870865e+00 1.016500430443994185e+00 1.029375392720278892e+00 1.029408343229199385e+00 1.051270972213755872e+00 1.048814619814396165e+00 1.047045073884586674e+00 1.046483338751240888e+00 1.069896425540467044e+00 1.071826672062851982e+00 1.075564801581334162e+00 1.083006115506190969e+00 1.100072213490385309e+00 1.037607277256330729e+00 9.982944632851067368e-01 9.449054336847118041e-01 9.263287194993078399e-01 9.379693275822794662e-01 9.304109780412791464e-01 9.433389936167849710e-01 9.415747385909581935e-01 9.452879560433831152e-01 9.356996703269075955e-01 9.408959190060608435e-01 9.448821053290438199e-01 9.471802014421084603e-01 9.574632059917780325e-01 9.446935617407327124e-01 9.389084984738793604e-01 9.545225356575708364e-01 9.272781770350017050e-01 9.499285203855808435e-01 9.245702525969274888e-01 9.451642688614153576e-01 9.487936736585707020e-01 9.540617876562533795e-01 9.568687305121772457e-01 9.530693013198946462e-01 9.584537302875724141e-01 9.621070414900125822e-01 9.550416540176154268e-01 9.489320612788035847e-01 9.600560165831133475e-01 9.509973793807918740e-01 9.651615582680826977e-01 9.706163851334701498e-01 9.662253891781469317e-01 9.458780541540253717e-01 9.571576845112230725e-01 9.747062808355104746e-01 9.690967175092455310e-01 9.591696262390505545e-01 9.617842535544358640e-01 9.522113787447309408e-01
1.022131745517824042e+00 1.023228625029946715e+00 1.011887207007919898e+00 1.015181395047206836e+00 1.017231941607620982e+00 1.009349890864717603e+00 1.007285498055201511e+00 1.014643164055760716e+00 1.004043496133087965e+00 1.016943860602046890e+00 1.007675470840403653e+00 1.005851356442169831e+00 1.001502670154341690e+00 1.000300321665389847e+00 1.003799878673072854e+00 1.006040230994550422e+00 1.007721156976504329e+00 9.961357404956869832e-01 1.020586555803040696e+00 1.005626274653347973e+00 1.000352061131509096e+00 1.010571534324348209e+00 1.022325367701785170e+00 1.022615994729656252e+00 1.023241254766858788e+00 1.020845221210811449e+00 1.018107219244869244e+00 1.017270304941884973e+00 1.033239069968619361e+00 1.039431475175292219e+00 1.033915192131746652e+00 1.037618890940277261e+00 1.047297520421116124e+00 1.057379205446597137e+00 1.049237981870528635e+00 1.067769326581805123e+00 1.077532099866663096e+00 1.073521370052628710e+00 1.079103557778687383e+00 1.083845139774164634e+00 1.039392939774423708e+00 1.004664675480804181e+00 9.429046941265190052e-01 9.575921732506152972e-01 9.279391127037892595e-01 9.301949574906421825e-01 9.375661852101452309e-01 9.433414958614700918e-01 9.337534098124350423e-01 9.319767573696901009e-01 9.198863055253324594e-01 9.368973574445853547e-01 9.244968668963646774e-01 9.372515397375855706e-01 9.394434210634545757e-01 9.325996343257955123e-01 9.182167011970999715e-01 9.536171761376479594e-01 9.406696577782093227e-01 9.448237777012840066e-01 9.623544017597301936e-01 9.280970067130155376e-01 9.461789171250638564e-01 9.710817078288375148e-01 9.492773593685741584e-01 9.623040726857039484e-01 9.308487920235694046e-01 9.605728094231155145e-01 9.589270908733964482e-01 9.560410317297032279e-01 9.500755308907019581e-01 9.587818918303687710e-01 9.655629311879720955e-01 9.726524471451498677e-01 9.476931813393031367e-01 9.499770488467146334e-01 9.823645560095309870e-01 9.984962536625754392e-01 9.840155988148269195e-01 9.648450071303101838e-01 9.910408594963828754e-01
1.003470849891125560e+00 1.021098455693173479e+00 1.011313517748994695e+00 1.011717367101014009e+00 1.015976388579117762e+00 1.007713040937050941e+00 1.005646476003418943e+00 1.009175456142064942e+00 1.008575367818613122e+00 1.023713249985021889e+00 9.977115743957200023e-01 1.003784151807581626e+00 1.001227617731429209e+00 1.003799878673072854e+00 9.976763612197140363e-01 1.008387986988280804e+00 9.949391773845366327e-01 9.984305063588382323e-01 1.014453290274833774e+00 1.008588174002534421e+00 1.008737274297317077e+00 1.010692200775957783e+00 1.024483234264492504e+00 1.022898754517365338e+00 1.019064855331205388e+00 1.024586767393511400e+00 1.019734736956600551e+00 1.017434684855739624e+00 1.021741298221773508e+00 1.028401754329920426e+00 1.036808611887280573e+00 1.032122512475709186e+00 1.041058507391274368e+00 1.049116896221467421e+00 1.046596083978626579e+00 1.051298616560466748e+00 1.066224656481773447e+00 1.087347135328045722e+00 1.079400011424736627e+00 1.089031532473974773e+00 1.032505841995227991e+00 9.895809132924779927e-01 9.495891346612981287e-01 9.278447179231240627e-01 9.168449493864206934e-01 9.063149063075791600e-01 9.212203912136781581e-01 9.198199054675434416e-01 9.238237201203357563e-01 9.239480715091277219e-01 9.455562420559866510e-01 9.480422347172298148e-01 9.299863029497451583e-01 9.359414453008964019e-01 9.597688617777464515e-01 9.423923402197883492e-01 9.342964639418690487e-01 9.372986539301970677e-01 9.437838528355402268e-01 9.552551776903821512e-01 9.458932952843304154e-01 9.282945870788812393e-01 9.421536391494503837e-01 9.442330920967002550e-01 9.451213225223735748e-01 9.364172591501557230e-01 9.544504678900369576e-01 9.521973358064761417e-01 9.414884824913475336e-01 9.486410039040431563e-01 9.613230943748729551e-01 9.453038332243881570e-01 9.393882704030832587e-01 9.740153083426680292e-01 9.319132558256265630e-01 9.479804096606209152e-01 9.289617045977360821e-01 9.671051500310077209e-01 9.466278771040351758e-01 9.796550503891886530e-01 9.548148417338792049e-01
1.010869758205540814e+00 1.025907419414052280e+00 1.012291282582515439e+00 1.008144913756666705e+00 1.022734208201294903e+00 1.002968846998683938e+00 1.011145235203342096e+00 1.009826212442478388e+00 1.004068364315225059e+00 1.011553914414659028e+00 1.006769141208350593e+00 1.003797884283822883e+00 1.000142064705918710e+00 1.006040230994550422e+00 1.008387986988280804e+00 9.975605983861476345e-01 9.977412321003213957e-01 9.964407337518351726e-01 1.009164251446367233e+00 1.001034572226481512e+00 1.009321216924820019e+00 1.012591423313643935e+00 1.010321884431099937e+00 1.013766317348899992e+00 1.012910671198482104e+00 1.022699369819299875e+00 1.016407185707884908e+00 1.023018506296986763e+00 1.023087926512070034e+00 1.018052932503971997e+00 1.019684000116554579e+00 1.044133170772951535e+00 1.039749419377315132e+00 1.050191654357259807e+00 1.039431790825894986e+00 1.049394374027063259e+00 1.061195050534736950e+00 1.070593564254334717e+00 1.079577300795252937e+00 1.073034308033258277e+00 1.031388661257287342e+00 9.813094885209788787e-01 9.402663749022411865e-01 9.254118715859959154e-01 9.147870144921681490e-01 9.006698062813648376e-01 9.311557992661012584e-01 9.191971068324804595e-01 9.341047969419697949e-01 9.325721583963849648e-01 9.342575534530855874e-01 9.331227001310941072e-01 9.294527691264458102e-01 9.480943319318937412e-01 9.414773225649384347e-01 9.321084250625840673e-01 9.410373750103733226e-01 9.186018359753992391e-01 9.519798119834834704e-01 9.418800247172106621e-01 9.431994007236962352e-01 9.317580194989306674e-01 9.548983315209851330e-01 9.587345685055592703e-01 9.528165189484522068e-01 9.667976322148886803e-01 9.255326472844260799e-01 9.340723441690093054e-01 9.496010813998260192e-01 9.584429415733421997e-01 9.389974945065274747e-01 9.601626087602341819e-01 9.443767172110898445e-01 9.479056110032726412e-01 9.586380978463104885e-01 9.451031226533777030e-01 9.463615220059025113e-01 9.534446558336717725e-01 9.624059034586388561e-01 9.787950272198020496e-01 9.416140976988399691e-01
1.023815517671199160e+00 1.028465931723703486e+00 1.012788071333277751e+00 1.006500768994883499e+00 1.017719622947594882e+00 1.010385261555609038e+00 1.001167964079225703e+00 1.004764856619807079e+00 1.006441890375619153e+00 1.017090927957958524e+00 1.000320691379464222e+00 9.917440691703688360e-01 9.999389970191550070e-01 1.007721156976504329e+00 9.949391773845366327e-01 9.977412321003213957e-01 9.751918126275709309e-01 9.886148739453390899e-01 1.003743586361197870e+00 1.002129488157354809e+00 1.002473532956004165e+00 1.006749880985126078e+00 1.013915049829670734e+00 1.013683685821512359e+00 1.014205668020648377e+00 1.013167921622170731e+00 1.009529632879326400e+00 1.009840740989291552e+00 1.008114122190525652e+00 1.024839061465166790e+00 1.012608764542993534e+00 1.030272585515121575e+00 1.023730257165759605e+00 1.034822744413727902e+00 1.035887320613364970e+00 1.045973937332708603e+00 1.047019041655307348e+00 1.075949669301401013e+00 1.076332337950555829e+00 1.077761200570384714e+00 1.011481361697843750e+00 9.988074696070604608e-01 9.183782770998043521e-01 9.231121720360976335e-01 8.977809330481381078e-01 9.145510344928449165e-01 9.217086702862381520e-01 9.185170478419427686e-01 9.235709160851791610e-01 9.339232792312638365e-01 9.371927952469818468e-01 9.291820607180037994e-01 9.325085399981152268e-01 9.393238586906247356e-01 9.537138868447966322e-01 9.297961603087310234e-01 9.360061753567129328e-01 9.316202687499957058e-01 9.339323818716380732e-01 9.464840381123666990e-01 9.433044101737286802e-01 9.221384885341032955e-01 9.420216495700443060e-01 9.554400254127204395e-01 9.475989564163505019e-01 9.471258785573493100e-01 9.375711570061187050e-01 9.312127269405003904e-01 9.371420923974145278e-01 9.382100129971581159e-01 9.354227369010854609e-01 9.506788447658311991e-01 9.552551296822119342e-01 9.710280071048780215e-01 9.469587082875616790e-01 9.316572150740421998e-01 9.548568817033070699e-01 9.246613960515098762e-01 9.545368264430696970e-01 9.581734713648416557e-01 9.766732641722842834e-01
1.012475007068105226e+00 1.005953070835013285e+00 1.002263099023093407e+00 1.002968161538018821e+00 1.009523465187007751e+00 9.959444117587706868e-01 1.004922240404752865e+00 1.008398783525526587e+00 9.959178906613391780e-01 1.011899613638244766e+00 1.005327299959944520e+00 9.963189692686670318e-01 9.994048282982870290e-01 9.961357404956869832e-01 9.984305063588382323e-01 9.964407337518351726e-01 9.886148739453390899e-01 9.880207915822993847e-01 1.005132134535019706e+00 9.978402453548778084e-01 1.005993521424655368e+00 1.007948805461420516e+00 1.004762271855942801e+00 1.011559159090871463e+00 1.014324825784909789e+00 1.018404475838472267e+00 1.009019455621039896e+00 1.005572593207994636e+00 1.008263975267594814e+00 1.017761736706112696e+00 1.011557696839630704e+00 1.038303252980202540e+00 1.023856601003003686e+00 1.030085225873581534e+00 1.040192614910449009e+00 1.039980804661994496e+00 1.044816415149140143e+00 1.063323565046778496e+00 1.065783482128735526e+00 1.070893333927656954e+00 1.030556543970865935e+00 9.816656572364326205e-01 9.330456089666497865e-01 9.223137135828980426e-01 9.165409324197523189e-01 9.098725322677529981e-01 9.117195165950779945e-01 9.201355333278397053e-01 9.132945479818708190e-01 9.245254841383249156e-01 9.339791132863811685e-01 9.336279765519526208e-01 9.261762118471467131e-01 9.216222406641235709e-01 9.259358771074742700e-01 9.525291063571982297e-01 9.325482407774472460e-01 9.289938584655745846e-01 9.319559818979640253e-01 9.423983578671519812e-01 9.210784104022048391e-01 9.212769806883218671e-01 9.487055699357607175e-01 9.430752770519207351e-01 9.591527514945963340e-01 9.365189381528166157e-01 9.244393215781486761e-01 9.396291967965595404e-01 9.465780245182581210e-01 9.368244485000284394e-01 9.329854111972132324e-01 9.386019347723758566e-01 9.330937707229017830e-01 9.395390638030531871e-01 9.340645027793234023e-01 9.450270941965378535e-01 9.593066415718969342e-01 9.885513102173195676e-01 9.696409972131186938e-01 9.523883689635083138e-01 9.718925216040856796e-01
1.029310249817947165e+00 1.026377865754575014e+00 1.017145911280333381e+00 1.022014745455010809e+00 1.021224088087126614e+00 1.015346961053282149e+00 1.012375292953026085e+00 1.020371998089460552e+00 1.011942937601426173e+00 1.031216730492060529e+00 1.013236186000779471e+00 1.009317785097454845e+00 1.012637594406347707e+00 1.020586555803040696e+00 1.014453290274833774e+00 1.009164251446367233e+00 1.003743586361197870e+00 1.005132134535019706e+00 1.001202821516400610e+00 1.011479416489188710e+00 1.010224475334972949e+00 1.019252968612493371e+00 1.012617495019264791e+00 1.025068301028482454e+00 1.024182420689028428e+00 1.026613484101487117e+00 1.019137225443363048e+00 1.028817263132205451e+00 1.021048228064428187e+00 1.026841522372001547e+00 1.028079821729972698e+00 1.046577291006904886e+00 1.042085622827248148e+00 1.046059270915417061e+00 1.043259524671352079e+00 1.044471985422287474e+00 1.061694178229746655e+00 1.075810572335684556e+00 1.080027676597501873e+00 1.092776015372439735e+00 1.029081544419108596e+00 9.807938623120534549e-01 9.399722315139448225e-01 9.239631164331706392e-01 9.111752405641388997e-01 9.129281190354774367e-01 9.286794548660007864e-01 9.126434305396998736e-01 9.370682772763615498e-01 9.288356958031842581e-01 9.407612572441383936e-01 9.394961279167446389e-01 9.468053110220155943e-01 9.607777729722193349e-01 9.439624554804243450e-01 9.331691763681475571e-01 9.439472044570520470e-01 9.555122936098207065e-01 9.309238009731845009e-01 9.295004102553320324e-01 9.432736962837652284e-01 9.478277946071002047e-01 9.747636041390094208e-01 9.729923498737155230e-01 9.619763843470521270e-01 9.453661406181217419e-01 9.427657975336207752e-01 9.602301567408166871e-01 9.653832450229837825e-01 9.512997570454271301e-01 9.543007442197682932e-01 9.395868022944652287e-01 9.478383474882074999e-01 9.668681052600234249e-01 9.498933226903084615e-01 9.533803489458306801e-01 9.649471183049861400e-01 9.852292658901227185e-01 9.514270574255911939e-01 9.836486598482105936e-01 9.718630017707213797e-01
