1.003015386089840533e+00 1.014633898188738614e+00 1.012512327874463880e+00 1.022087808777746742e+00 1.037755545224789522e+00 1.045022695131343271e+00 1.063660467399906828e+00 1.075318204324697158e+00 1.086782303823589757e+00 1.115866817224029806e+00 1.049720611142215487e+00 9.908025545296560432e-01 9.510574111940081066e-01 9.600823908480158320e-01 9.641528945624033842e-01 9.764692443149413092e-01 9.894409203474154868e-01 9.781947095237849554e-01 9.811357992651239535e-01 9.909476625262289007e-01 9.874700774898496070e-01
1.014633898188738614e+00 1.019419384446893284e+00 1.022475277926471193e+00 1.032001734109689428e+00 1.045939554244740277e+00 1.050767126516914063e+00 1.062264116905132783e+00 1.077735102325882321e+00 1.089696823307924944e+00 1.115942330491003887e+00 1.051827885835373344e+00 9.991876608888928812e-01 9.554297156393356527e-01 9.560494764449904981e-01 9.631158833208676162e-01 9.717257903390420504e-01 9.807549770967620706e-01 9.787527373134379260e-01 9.790279540376023437e-01 1.006790857643670156e+00 1.003548938762359954e+00
1.012512327874463880e+00 1.022475277926471193e+00 1.010876537322503932e+00 1.024263696705776994e+00 1.028421217335626636e+00 1.037369104436103751e+00 1.053243208195081992e+00 1.061495333297429733e+00 1.080738485955095252e+00 1.106184620824906206e+00 1.037182088647056410e+00 9.788163792050332823e-01 9.403327787919004699e-01 9.364839856819010544e-01 9.502495486908780764e-01 9.478793767420853333e-01 9.646102791600156268e-01 9.689185087685330267e-01 9.687712271177637557e-01 9.949423714731121526e-01 9.985061270639926656e-01
1.022087808777746742e+00 1.032001734109689428e+00 1.024263696705776994e+00 1.009767426583311645e+00 1.007321211952925344e+00 1.014981748553985819e+00 1.028163526977172282e+00 1.039571950574662340e+00 1.059518266221373572e+00 1.078500201422120996e+00 1.010415305917560014e+00 9.510086111261755182e-01 9.194817479512792380e-01 9.182016245774454744e-01 9.264309083722643834e-01 9.274609093128458603e-01 9.391277474218379107e-01 9.359082809995111774e-01 9.435499732601684286e-01 9.701246347271468284e-01 9.708221537833706671e-01
1.037755545224789522e+00 1.045939554244740277e+00 1.028421217335626636e+00 1.007321211952925344e+00 1.006083681223846504e+00 1.003502539888466716e+00 1.015154784575191149e+00 1.023379344706763394e+00 1.038513852601378407e+00 1.062452858584517434e+00 9.909624662869187528e-01 9.338760124188721923e-01 8.992634291757831688e-01 9.077123268357377706e-01 9.102602750217556604e-01 9.177771299942326655e-01 9.386908484142530984e-01 9.315806131539156043e-01 9.402204767687883935e-01 9.586309222511640860e-01 9.695190922247279852e-01
1.045022695131343271e+00 1.050767126516914063e+00 1.037369104436103751e+00 1.014981748553985819e+00 1.003502539888466716e+00 9.875446389517642531e-01 1.001255844709066478e+00 1.010340142425289578e+00 1.034451567129185179e+00 1.050210958094452085e+00 9.807244473962689613e-01 9.184322602944974268e-01 8.903562194695422427e-01 8.945787702142378173e-01 9.006217757560918136e-01 9.143667653059697198e-01 9.273433140605998881e-01 9.261019269540545773e-01 9.358449400659680784e-01 9.622834928844157254e-01 9.662272863981744564e-01
1.063660467399906828e+00 1.062264116905132783e+00 1.053243208195081992e+00 1.028163526977172282e+00 1.015154784575191149e+00 1.001255844709066478e+00 1.000666116852158671e+00 1.007280678878917479e+00 1.031852688347995928e+00 1.045364831356818458e+00 9.726196260763722012e-01 9.149654680634891069e-01 8.797934812574491614e-01 8.824811775395998703e-01 8.933957518009097987e-01 9.030434786308604300e-01 9.191167935941756406e-01 9.202272070185008035e-01 9.324621297728564739e-01 9.622216292381653435e-01 9.644933317474247980e-01
1.075318204324697158e+00 1.077735102325882321e+00 1.061495333297429733e+00 1.039571950574662340e+00 1.023379344706763394e+00 1.010340142425289578e+00 1.007280678878917479e+00 1.004948077225699343e+00 1.017889782334473026e+00 1.027059019065091894e+00 9.554079821614722690e-01 9.005363479399360882e-01 8.623828104224019464e-01 8.723507160247503389e-01 8.821465945867162928e-01 8.911979279106794216e-01 9.127464151585873431e-01 9.151933794551956325e-01 9.359752335564761605e-01 9.551525126204871707e-01 9.630965142865335338e-01
1.086782303823589757e+00 1.089696823307924944e+00 1.080738485955095252e+00 1.059518266221373572e+00 1.038513852601378407e+00 1.034451567129185179e+00 1.031852688347995928e+00 1.017889782334473026e+00 9.945176919051158526e-01 9.827207445872516711e-01 9.252862496530970260e-01 8.814266730827681195e-01 8.488768771493709897e-01 8.586366788140850081e-01 8.770579232424867699e-01 8.833922162524326938e-01 9.026604270123153029e-01 9.059249955105765917e-01 9.195350443381075101e-01 9.464795814638168325e-01 9.557356015974565189e-01
1.115866817224029806e+00 1.115942330491003887e+00 1.106184620824906206e+00 1.078500201422120996e+00 1.062452858584517434e+00 1.050210958094452085e+00 1.045364831356818458e+00 1.027059019065091894e+00 9.827207445872516711e-01 1.008457192383693579e+00 9.694201291421714606e-01 9.249507264164986697e-01 8.918312837079024336e-01 9.044045258616215666e-01 9.147078568905540052e-01 9.290608335190789768e-01 9.515503009771127951e-01 9.573235175710346212e-01 9.654103938450265820e-01 9.920795693925761327e-01 1.006792523920752913e+00
1.049720611142215487e+00 1.051827885835373344e+00 1.037182088647056410e+00 1.010415305917560014e+00 9.909624662869187528e-01 9.807244473962689613e-01 9.726196260763722012e-01 9.554079821614722690e-01 9.252862496530970260e-01 9.694201291421714606e-01 9.954127479749619312e-01 9.809427286320546724e-01 9.415419400369100522e-01 9.575323465958062163e-01 9.823319591974399856e-01 1.000810644898955104e+00 1.016726938898325550e+00 1.016509102083614779e+00 1.032017932541534844e+00 1.056019376224878181e+00 1.069469698780288969e+00
9.908025545296560432e-01 9.991876608888928812e-01 9.788163792050332823e-01 9.510086111261755182e-01 9.338760124188721923e-01 9.184322602944974268e-01 9.149654680634891069e-01 9.005363479399360882e-01 8.814266730827681195e-01 9.249507264164986697e-01 9.809427286320546724e-01 1.009129967254614568e+00 1.002686694454368643e+00 1.037057956038138551e+00 1.061102046027550205e+00 1.081267020015065805e+00 1.091316655583741690e+00 1.097919335997648682e+00 1.106072821961296748e+00 1.133041431925758014e+00 1.137601974024041063e+00
9.510574111940081066e-01 9.554297156393356527e-01 9.403327787919004699e-01 9.194817479512792380e-01 8.992634291757831688e-01 8.903562194695422427e-01 8.797934812574491614e-01 8.623828104224019464e-01 8.488768771493709897e-01 8.918312837079024336e-01 9.415419400369100522e-01 1.002686694454368643e+00 1.009524378885620299e+00 1.022643143692647971e+00 1.048095199319429849e+00 1.059553697715110765e+00 1.070028719198589551e+00 1.077853470144335635e+00 1.081235833605217245e+00 1.103147633995760435e+00 1.103312621576872044e+00
9.600823908480158320e-01 9.560494764449904981e-01 9.364839856819010544e-01 9.182016245774454744e-01 9.077123268357377706e-01 8.945787702142378173e-01 8.824811775395998703e-01 8.723507160247503389e-01 8.586366788140850081e-01 9.044045258616215666e-01 9.575323465958062163e-01 1.037057956038138551e+00 1.022643143692647971e+00 1.005634630540723995e+00 1.014991292225515318e+00 1.026111437106353552e+00 1.034426844863513439e+00 1.040699228394879272e+00 1.048963557311539452e+00 1.061431342281842216e+00 1.072081552101040058e+00
9.641528945624033842e-01 9.631158833208676162e-01 9.502495486908780764e-01 9.264309083722643834e-01 9.102602750217556604e-01 9.006217757560918136e-01 8.933957518009097987e-01 8.821465945867162928e-01 8.770579232424867699e-01 9.147078568905540052e-01 9.823319591974399856e-01 1.061102046027550205e+00 1.048095199319429849e+00 1.014991292225515318e+00 1.008591869108570904e+00 1.000430911913584575e+00 1.016190852400955524e+00 1.018723916948066632e+00 1.025733818613272952e+00 1.043640572334029626e+00 1.045840554966507741e+00
9.764692443149413092e-01 9.717257903390420504e-01 9.478793767420853333e-01 9.274609093128458603e-01 9.177771299942326655e-01 9.143667653059697198e-01 9.030434786308604300e-01 8.911979279106794216e-01 8.833922162524326938e-01 9.290608335190789768e-01 1.000810644898955104e+00 1.081267020015065805e+00 1.059553697715110765e+00 1.026111437106353552e+00 1.000430911913584575e+00 1.001407435980951943e+00 1.015082978355102528e+00 1.015939315769058382e+00 1.020161314666752972e+00 1.030637092597375348e+00 1.032518210877818809e+00
9.894409203474154868e-01 9.807549770967620706e-01 9.646102791600156268e-01 9.391277474218379107e-01 9.386908484142530984e-01 9.273433140605998881e-01 9.191167935941756406e-01 9.127464151585873431e-01 9.026604270123153029e-01 9.515503009771127951e-01 1.016726938898325550e+00 1.091316655583741690e+00 1.070028719198589551e+00 1.034426844863513439e+00 1.016190852400955524e+00 1.015082978355102528e+00 1.007560174185078372e+00 1.010599844074991926e+00 1.014113149407628311e+00 1.026087755907473253e+00 1.027064139806685539e+00
9.781947095237849554e-01 9.787527373134379260e-01 9.689185087685330267e-01 9.359082809995111774e-01 9.315806131539156043e-01 9.261019269540545773e-01 9.202272070185008035e-01 9.151933794551956325e-01 9.059249955105765917e-01 9.573235175710346212e-01 1.016509102083614779e+00 1.097919335997648682e+00 1.077853470144335635e+00 1.040699228394879272e+00 1.018723916948066632e+00 1.015939315769058382e+00 1.010599844074991926e+00 1.001773381972189236e+00 1.006581148250313085e+00 1.023550101567186177e+00 1.021085442704134483e+00
9.811357992651239535e-01 9.790279540376023437e-01 9.687712271177637557e-01 9.435499732601684286e-01 9.402204767687883935e-01 9.358449400659680784e-01 9.324621297728564739e-01 9.359752335564761605e-01 9.195350443381075101e-01 9.654103938450265820e-01 1.032017932541534844e+00 1.106072821961296748e+00 1.081235833605217245e+00 1.048963557311539452e+00 1.025733818613272952e+00 1.020161314666752972e+00 1.014113149407628311e+00 1.006581148250313085e+00 9.872657213955229327e-01 1.008655175057035835e+00 1.011978879758145045e+00
9.909476625262289007e-01 1.006790857643670156e+00 9.949423714731121526e-01 9.701246347271468284e-01 9.586309222511640860e-01 9.622834928844157254e-01 9.622216292381653435e-01 9.551525126204871707e-01 9.464795814638168325e-01 9.920795693925761327e-01 1.056019376224878181e+00 1.133041431925758014e+00 1.103147633995760435e+00 1.061431342281842216e+00 1.043640572334029626e+00 1.030637092597375348e+00 1.026087755907473253e+00 1.023550101567186177e+00 1.008655175057035835e+00 1.029204077208146551e+00 1.018873765279349364e+00
9.874700774898496070e-01 1.003548938762359954e+00 9.985061270639926656e-01 9.708221537833706671e-01 9.695190922247279852e-01 9.662272863981744564e-01 9.644933317474247980e-01 9.630965142865335338e-01 9.557356015974565189e-01 1.006792523920752913e+00 1.069469698780288969e+00 1.137601974024041063e+00 1.103312621576872044e+00 1.072081552101040058e+00 1.045840554966507741e+00 1.032518210877818809e+00 1.027064139806685539e+00 1.021085442704134483e+00 1.011978879758145045e+00 1.018873765279349364e+00 1.007655108462411242e+00
