1.024265040164304530e+00 9.996898273946843716e-01 1.005965934560843822e+00 1.012699109609149106e+00 1.005871730310861079e+00 1.011051041777151438e+00 1.018263482477800963e+00 1.013384598314050589e+00 1.019693005074153058e+00 1.013219816741920631e+00 1.006540723392072012e+00 1.017463338313938204e+00 1.001906460055114412e+00 1.025569103873059884e+00 1.029226809517381769e+00 1.037176337961536854e+00 1.040583105530915820e+00 1.046961486221859028e+00 1.042903793802473444e+00 1.047504594342280937e+00 1.043833784957582722e+00 1.040250556604472632e+00 1.058450434259395223e+00 1.064862357205877297e+00 1.053812960706104418e+00 1.067762913662758661e+00 1.081325736104881141e+00 1.080205977623559965e+00 1.061469897384990535e+00 1.113349183101766782e+00 1.082705414875853256e+00 1.100353588519967118e+00 1.129923347638115638e+00 1.097290023730992603e+00 1.137845970973235143e+00 1.130020845133950402e+00 1.107623440620116417e+00 1.091809823482313035e+00 1.072629430267880490e+00 1.046578325140920862e+00 9.947668394273101455e-01 1.018985011627195680e+00 9.947989110423622883e-01 9.803985570822740803e-01 9.665072547574865558e-01 9.683936457205309933e-01 9.570509159116247222e-01 9.395022021348943264e-01 9.297062668114882689e-01 9.289524822682154737e-01 9.181047201018854853e-01 9.462656347791104094e-01 9.551703673355685931e-01 9.354661785851191569e-01 9.330029868684734939e-01 9.580888293715242865e-01 9.657475600216537392e-01 9.738389814631980279e-01 9.747863140587278430e-01 9.778292961475109069e-01 9.665851096771221895e-01 9.750892756080731250e-01 9.522396205539294112e-01 9.687203389684817534e-01 9.665255379234001243e-01 9.900203571451811069e-01 9.600304231044302083e-01 1.008753485686012530e+00 9.719938306544504414e-01 9.505796532248755870e-01 9.650184699650696807e-01 9.637162002142242168e-01 9.591230235127375936e-01 9.440401172861632162e-01 9.554113660482678183e-01 1.010188416864263417e+00 9.547707980027027030e-01 9.919745423323339528e-01 9.771369655179593661e-01 9.797743613818397090e-01 9.685133280364666142e-01
9.996898273946843716e-01 1.011869844519786676e+00 9.969220892791553768e-01 1.014794949577735306e+00 1.013501944451920878e+00 1.020878052341497755e+00 1.027103473713427917e+00 1.011839283589154759e+00 1.017876549838121703e+00 1.030129372349369632e+00 1.019708249908821696e+00 1.033749096898735287e+00 1.014044527383035188e+00 1.051729022044734396e+00 1.040071139709324299e+00 1.042984683087004205e+00 1.033586945964175108e+00 1.051314641564443653e+00 1.044322198699070059e+00 1.036406216444099471e+00 1.049166399301115993e+00 1.044905250225838245e+00 1.067249364376527954e+00 1.076542233127559367e+00 1.064176932879428161e+00 1.064665147443590643e+00 1.076837894590775502e+00 1.076669577104957032e+00 1.085808543261355119e+00 1.086412250381944222e+00 1.090708391796254340e+00 1.105785658082135470e+00 1.128280345740873880e+00 1.133971824314644827e+00 1.161382961885236709e+00 1.166627795717860794e+00 1.123223740400482118e+00 1.100923774217327233e+00 1.079768368897772612e+00 1.058317280945763716e+00 1.045292151692756022e+00 1.040428758789391006e+00 9.889156309288985591e-01 9.831128450105260930e-01 9.711933661884979418e-01 9.764615847692337258e-01 9.349988227482766145e-01 9.640725276651934683e-01 9.303916016589568461e-01 9.645340879981940674e-01 9.237379699826099300e-01 9.440107623422080430e-01 9.511596853918996564e-01 9.471708144122253925e-01 9.492106519244590812e-01 9.596884111490063818e-01 9.629684377183648225e-01 9.807463204082205177e-01 9.764987950658300386e-01 9.473659584397072786e-01 9.871434958528407799e-01 9.585474701521967678e-01 9.503203030060146661e-01 1.002887334685277132e+00 9.780732817884236763e-01 9.784511846219715592e-01 9.956492211359038169e-01 9.730332507280814447e-01 9.925668628080960287e-01 9.676035225044912202e-01 9.437772439733272956e-01 9.931540330782919757e-01 9.542599221377374707e-01 9.782434913879556326e-01 1.004900736705991671e+00 9.472057519199200692e-01 1.002970495001062501e+00 9.632004687373285634e-01 9.703281808666778252e-01 9.661146498800611271e-01 1.025134634301169134e+00
1.005965934560843822e+00 9.969220892791553768e-01 9.930326333898275015e-01 1.008480203545966347e+00 1.009883744802911654e+00 1.007793627249844448e+00 1.016340972887441518e+00 1.022091961570655627e+00 1.020049857526403425e+00 1.021759509248996833e+00 1.009375547751776514e+00 1.025432969635323488e+00 1.013333971927819821e+00 1.024887361308413292e+00 1.019328496833192599e+00 1.036872370017398959e+00 1.029562195429702065e+00 1.052223887342241593e+00 1.040138405072662309e+00 1.034145739608424819e+00 1.044464484440775554e+00 1.051967650079097982e+00 1.056890240051332475e+00 1.055608630643607437e+00 1.034021614831717173e+00 1.071109245613028893e+00 1.080142376322720921e+00 1.070329749951934639e+00 1.073548084738085606e+00 1.071533769978306294e+00 1.075766573406372606e+00 1.093239394798112718e+00 1.122134402687043675e+00 1.115101404615846503e+00 1.170011586611922505e+00 1.120399898871613065e+00 1.111187411445899054e+00 1.107271944417312470e+00 1.068782922463198837e+00 1.070648310866334496e+00 1.045960686478519808e+00 1.029110992224096854e+00 9.937369391047824463e-01 9.986139237455287088e-01 9.757523461426942379e-01 9.522481041066364060e-01 9.542253481869337195e-01 9.415516516574411465e-01 9.170217091585375346e-01 9.381017452086529707e-01 9.286328532516369139e-01 9.454830481948919285e-01 9.639386498848574458e-01 9.480401372990835407e-01 9.644012677286568636e-01 9.900857069167118274e-01 9.570535525318116798e-01 9.428492520616373884e-01 9.624168984179963804e-01 9.537850326812269408e-01 9.621159795452016716e-01 9.444691405577031462e-01 9.781264533929202587e-01 1.002936879604518161e+00 9.675700316061255357e-01 9.350696743374246056e-01 9.635528718021204586e-01 9.537819902108449766e-01 1.027097993713560919e+00 9.698525323812202670e-01 9.654328267660960972e-01 9.342925841017585276e-01 9.672872666416503229e-01 9.780564465708411204e-01 9.651736697488638717e-01 1.014444282259429508e+00 9.673909869818568819e-01 1.021983051094647488e+00 9.671513186259785844e-01 9.592964001927208884e-01 1.002306846208414814e+00
1.012699109609149106e+00 1.014794949577735306e+00 1.008480203545966347e+00 1.000289085373762266e+00 1.007968130740885870e+00 1.021457394479610814e+00 1.019065653048593312e+00 1.013961106098559162e+00 1.016256550893208210e+00 1.011346966836133232e+00 1.011834580715565313e+00 1.042767480138847569e+00 1.013340716336410541e+00 1.020965062251339317e+00 1.027466845469410028e+00 1.026427118337051692e+00 1.032695288889150964e+00 1.058391826407204306e+00 1.036193810988930597e+00 1.040458602090828633e+00 1.055386493518404745e+00 1.049145647864290432e+00 1.057643651232379689e+00 1.058278877345040669e+00 1.033034513556237322e+00 1.063828123235805112e+00 1.081591461911524332e+00 1.094711101068748027e+00 1.071820007634724847e+00 1.101096275722174944e+00 1.094689479514174835e+00 1.086215824522954287e+00 1.103752272218363917e+00 1.136277420121188486e+00 1.151797079612915553e+00 1.131835802278645442e+00 1.130678584421215715e+00 1.090241825013173127e+00 1.091335453144692602e+00 1.033171221014393737e+00 1.043877776989054151e+00 1.010799104445662566e+00 9.948985531153635709e-01 9.942391515682048597e-01 9.729298246089027602e-01 9.500975304997559823e-01 9.659622674518182350e-01 9.581472054183054476e-01 9.281187126479523153e-01 9.297696638814695325e-01 9.345600137530853946e-01 9.336551266483487099e-01 9.641223168352358597e-01 9.463579435104469972e-01 9.474822945905428950e-01 9.656454551336270953e-01 9.497874661192816648e-01 9.676299514218582587e-01 9.719545511353503420e-01 9.609282529407926488e-01 9.783187803677481087e-01 9.569821255631179024e-01 9.760691195712821733e-01 9.923837872743334065e-01 9.461678695537356631e-01 9.558905132737294252e-01 9.521775611214821078e-01 1.022787473237766420e+00 9.701021835758236733e-01 9.569061464886504664e-01 9.639554222646249393e-01 9.797789450672633738e-01 9.772948660213308658e-01 1.010643282514285257e+00 9.429853716048862688e-01 9.739627482446695517e-01 9.543666442909570780e-01 9.689226380499178504e-01 9.735087251230305494e-01 9.764929991949475863e-01 1.003867556458865051e+00
1.005871730310861079e+00 1.013501944451920878e+00 1.009883744802911654e+00 1.007968130740885870e+00 1.030978464221824042e+00 1.023350998132830147e+00 1.011328104092072078e+00 1.005510313069631456e+00 1.012006272615000757e+00 1.013973248028348317e+00 1.002387523472739517e+00 1.021582351099249664e+00 9.979924754844198276e-01 1.014721048971946482e+00 1.007514275349531419e+00 1.026623612114511586e+00 1.020726623686695422e+00 1.043794922611010589e+00 1.017248200564697891e+00 1.038471910757353900e+00 1.034879088916381251e+00 1.039060629060907459e+00 1.045848674271481649e+00 1.063721158039393488e+00 1.038217257933897075e+00 1.048473306023467000e+00 1.083520859429250249e+00 1.073164787578491541e+00 1.086546852926311146e+00 1.053350825289531389e+00 1.077112081195726434e+00 1.090113572921308949e+00 1.114279023625126985e+00 1.102113513217980234e+00 1.121524376729328365e+00 1.136870882835619545e+00 1.129973093527356864e+00 1.084283592773826355e+00 1.072742599602194424e+00 1.065260700029979635e+00 1.045772275719490496e+00 1.009494618090068130e+00 1.002414596478165887e+00 9.580729003695890311e-01 9.711013915778087258e-01 9.404451019105845022e-01 9.419773181318825683e-01 9.436288046995862100e-01 9.394261093345877001e-01 9.380130687157597347e-01 9.305373412986889248e-01 9.374391913915446350e-01 9.221616814129017792e-01 9.598074137594490018e-01 9.525711666058490623e-01 9.528703212446365534e-01 9.378565812925721001e-01 9.441295740039532536e-01 9.574037543729032596e-01 9.578321297358030062e-01 9.765470854880647922e-01 9.615213850998967082e-01 9.411614234388667732e-01 9.667282294413493959e-01 9.667017363620559189e-01 9.636115805144147561e-01 9.769023036520684267e-01 9.814330270184847826e-01 9.341742439813952581e-01 9.737501611385179778e-01 9.639460500172160051e-01 9.893756281382197759e-01 9.693388989562746749e-01 9.768581112701506530e-01 1.011346906093704812e+00 9.780220618313338887e-01 9.860982853749205024e-01 9.862175199074203480e-01 9.945632036707405810e-01 9.951089317773147425e-01 1.019765038794522516e+00
1.011051041777151438e+00 1.020878052341497755e+00 1.007793627249844448e+00 1.021457394479610814e+00 1.023350998132830147e+00 1.004423439528038919e+00 1.004500138588432456e+00 1.010701339595703629e+00 1.011192067827231034e+00 1.008592923472650504e+00 1.009795192365120942e+00 1.022078475916299745e+00 1.002592444526569926e+00 1.009848798032329187e+00 1.017583858821117904e+00 1.039153401358714479e+00 1.023332012710351790e+00 1.035855227239978582e+00 1.038185983585854677e+00 1.048135613590242432e+00 1.057213269116927812e+00 1.054478817368990073e+00 1.056463688887026464e+00 1.051461297589509680e+00 1.038233145242263289e+00 1.044365636965564503e+00 1.062465297727513525e+00 1.085827191959032323e+00 1.085299787265757487e+00 1.074991365231489526e+00 1.085912032815888439e+00 1.102491763720584661e+00 1.117391542163616247e+00 1.109518418544247709e+00 1.114912667309355454e+00 1.108735124516229353e+00 1.122251432028548379e+00 1.075963201159314986e+00 1.089479510333545953e+00 1.043260253277753291e+00 1.020502169434103212e+00 1.023232070811920913e+00 9.861240571423117718e-01 9.671594422540654712e-01 9.878452693685613184e-01 9.589348043984473602e-01 9.389552536086528400e-01 9.341625372407763583e-01 9.341904790350367138e-01 9.413369509318799677e-01 9.465384849026506897e-01 9.381643560318808639e-01 9.473658893747258780e-01 9.548517676951313593e-01 9.525848582324965008e-01 9.568710089203162905e-01 9.599590496714256460e-01 9.407320873439989350e-01 9.737127840750900987e-01 9.473735404191989673e-01 9.663672790184192340e-01 9.585987355622220818e-01 9.729137580302873456e-01 9.579931069998408599e-01 9.460545193398354202e-01 9.792936481180827268e-01 9.776174772221206677e-01 9.765560948446104783e-01 9.534377914863586545e-01 9.958375204068734554e-01 9.499897373121394262e-01 9.678486987227208349e-01 9.577482197678606202e-01 9.545945111337635902e-01 9.744217977607950720e-01 9.751206560498643094e-01 9.798435532315142860e-01 9.740522648701626096e-01 9.750414540847471834e-01 9.971830262355443342e-01 1.009263607076033686e+00
1.018263482477800963e+00 1.027103473713427917e+00 1.016340972887441518e+00 1.019065653048593312e+00 1.011328104092072078e+00 1.004500138588432456e+00 1.021668652734067262e+00 1.000811874835033199e+00 1.014904341981529790e+00 1.023028273561446877e+00 1.024168833485776808e+00 1.022250929046098822e+00 1.022244876396722901e+00 1.023238980145631638e+00 1.014280368601311100e+00 1.033184197387499337e+00 1.021640262659929466e+00 1.053493768617158599e+00 1.029303627928660925e+00 1.034092288343654298e+00 1.046965667837909342e+00 1.053883793973993344e+00 1.065023448824459873e+00 1.042131596011872219e+00 1.052347569448696785e+00 1.059012120426904291e+00 1.063638344384894241e+00 1.073190967334036960e+00 1.075593251847541509e+00 1.078193166408666137e+00 1.083756566210005046e+00 1.078901582496522016e+00 1.134223716169429963e+00 1.122659305447233358e+00 1.132916418119926938e+00 1.143630204739294554e+00 1.123756811653810805e+00 1.101997797703552218e+00 1.073416466715694684e+00 1.062241594578949178e+00 1.026337703378021882e+00 9.933040989619564831e-01 9.677562536347215083e-01 1.007992790477701073e+00 9.747113500086164173e-01 9.763161231211058277e-01 9.512369162449232363e-01 9.425458459272946232e-01 9.310922771518925778e-01 9.292375721273686828e-01 9.510708461121915036e-01 9.309123488204729124e-01 9.312004397785750287e-01 9.525527812957296225e-01 9.928283869765329728e-01 9.715272575696956014e-01 9.678026073238160665e-01 9.488039356453086270e-01 9.600071564210780339e-01 9.538822835234798125e-01 9.577097127311344771e-01 9.569548466243432694e-01 9.640234839714807435e-01 9.754839555356944469e-01 9.590563320949039294e-01 9.616424338476985412e-01 9.869679448533892341e-01 9.864007187989453085e-01 9.825945262800889202e-01 9.816184638393264938e-01 9.655685177609518721e-01 9.648147830880926534e-01 9.952953075167843000e-01 9.803742975455512765e-01 9.948411943964335924e-01 1.019263501145238227e+00 9.616835220662590666e-01 9.890637428771393846e-01 9.973060977541756689e-01 9.605643558245738900e-01 1.015718895634038832e+00
1.013384598314050589e+00 1.011839283589154759e+00 1.022091961570655627e+00 1.013961106098559162e+00 1.005510313069631456e+00 1.010701339595703629e+00 1.000811874835033199e+00 1.004651780905109426e+00 1.025324623568297122e+00 1.012150645137050997e+00 1.018707309270264982e+00 1.017952046854467163e+00 1.001821513625487103e+00 1.020898072606690521e+00 1.013341111432050967e+00 1.021660871103771351e+00 1.024732505563247020e+00 1.045993371330587118e+00 1.040859548878200425e+00 1.045472124274514636e+00 1.041876076923180072e+00 1.039299566563567589e+00 1.045470999865248496e+00 1.050478351085143647e+00 1.046468832952990091e+00 1.062353804983498851e+00 1.071657156181830661e+00 1.067532294842946650e+00 1.053025726165884857e+00 1.065766158196159719e+00 1.071338928829310255e+00 1.071429856017178217e+00 1.103205783595756939e+00 1.094155006587709700e+00 1.139467412868348850e+00 1.112408161309527577e+00 1.108754567979618244e+00 1.065294537866608326e+00 1.055265698092514359e+00 1.037175335822787980e+00 1.034533587981325775e+00 9.771843588208929399e-01 9.610327464417390830e-01 9.900868173224433022e-01 9.536170607714720138e-01 9.592130002660494981e-01 9.399242678393016082e-01 9.293396341371854552e-01 9.290326273466249507e-01 9.161675619996009212e-01 9.250621982688796985e-01 9.165174811873484373e-01 9.654972177946108403e-01 9.343555207712401778e-01 9.555155000128265907e-01 9.417723023516487713e-01 9.407782447719156282e-01 9.513001442578847833e-01 9.575770930963732885e-01 9.413311593119545462e-01 9.454153745563285138e-01 9.612155325152852425e-01 9.703648448818713579e-01 9.722886378545757546e-01 9.663483377214261427e-01 9.503782043531799895e-01 9.797819714365659793e-01 9.408224841291638052e-01 1.001805907772136184e+00 9.488866532255610942e-01 9.468288712191235135e-01 9.698317130269906716e-01 9.515969600973689380e-01 9.417453369455219825e-01 9.768046274690949105e-01 9.885825459518305935e-01 9.409722492576511055e-01 9.876730936632154290e-01 9.907972493765894173e-01 9.901089836268167632e-01 9.944041187389316416e-01
1.019693005074153058e+00 1.017876549838121703e+00 1.020049857526403425e+00 1.016256550893208210e+00 1.012006272615000757e+00 1.011192067827231034e+00 1.014904341981529790e+00 1.025324623568297122e+00 1.032061675226572328e+00 1.021245499947669666e+00 1.009730138259483656e+00 1.016444800621217004e+00 1.000348611181377301e+00 1.012762927765739285e+00 1.019186514998720483e+00 1.020242885450808323e+00 1.015194199954504217e+00 1.045515502538921782e+00 1.032306819399120501e+00 1.031436662975160345e+00 1.035538264853285817e+00 1.037385630378370394e+00 1.040287583040520270e+00 1.037028165825049308e+00 1.042296910560642553e+00 1.070382988459134266e+00 1.082339932310572017e+00 1.079390434305512070e+00 1.071187381919672887e+00 1.059293362905086910e+00 1.084114484045945126e+00 1.095997730700898343e+00 1.110104280998870596e+00 1.088609367595482880e+00 1.116918718297364110e+00 1.127578255748995506e+00 1.134569271864738660e+00 1.099881420514697616e+00 1.064020465157234696e+00 1.026092196945473045e+00 1.029617324853576710e+00 9.990358745047600575e-01 9.695931310649119617e-01 9.749031183879159901e-01 9.556602066587608357e-01 9.462745314693874477e-01 9.583376373903488288e-01 9.475705312010400672e-01 9.566398646074826262e-01 9.412223648326026870e-01 9.442235461686550035e-01 9.398966382800577612e-01 9.490306672318872261e-01 9.196553008664076767e-01 9.522001565174904592e-01 9.629901320860045910e-01 9.686192172861657346e-01 9.498674833984184218e-01 9.500824588406053817e-01 9.139636514749680529e-01 9.588366610886622787e-01 9.536906918058487559e-01 9.680790081153608506e-01 9.774861261432715720e-01 1.003549363493870583e+00 9.369921368158216080e-01 9.629138637914154142e-01 9.600085320619912155e-01 9.781858289855034361e-01 9.805456193060114733e-01 9.746623520187381873e-01 9.889330304700043595e-01 9.930382301487524765e-01 9.421907162478637687e-01 9.651148117521717307e-01 9.947608122812223730e-01 9.660062502334146872e-01 1.012321858249411122e+00 9.830645702509366313e-01 9.894971630359651327e-01 1.022902530511988539e+00
1.013219816741920631e+00 1.030129372349369632e+00 1.021759509248996833e+00 1.011346966836133232e+00 1.013973248028348317e+00 1.008592923472650504e+00 1.023028273561446877e+00 1.012150645137050997e+00 1.021245499947669666e+00 9.748394875122027292e-01 1.003632416613959411e+00 1.009530990113775228e+00 9.935947329101807446e-01 1.003690806597480778e+00 1.010388436393837797e+00 1.014504562788802300e+00 1.023053036996789844e+00 1.026496742255505357e+00 1.020414919710330492e+00 1.035266320537152396e+00 1.032847172206004416e+00 1.028354185885741234e+00 1.035828046186237250e+00 1.012187155867181332e+00 1.037399795330387064e+00 1.039979999471140282e+00 1.062384497658835691e+00 1.043314843184497631e+00 1.031818164518566672e+00 1.058379569958577626e+00 1.070169460902871794e+00 1.060377954038718151e+00 1.105040220821135177e+00 1.091669329516733233e+00 1.104820132827464718e+00 1.113777120097952489e+00 1.096282807723764963e+00 1.072923215027070221e+00 1.051178854448158839e+00 1.017118489162117445e+00 1.016450077493681992e+00 1.002374661954987589e+00 9.613664886406524390e-01 9.605575907196118868e-01 9.452581527966688046e-01 9.490155923830814189e-01 9.384182152064898252e-01 9.423744111546058511e-01 9.320506861976194379e-01 9.486389883800951939e-01 9.208910799813583292e-01 9.486096079667464265e-01 9.072335397345926422e-01 9.363802503717216785e-01 9.574512383659626868e-01 9.593021660026814779e-01 9.596938733763336060e-01 9.339190516088801131e-01 9.252074866544572895e-01 9.306865861491702141e-01 9.428070390092602171e-01 9.400366395968475786e-01 9.549047437354220014e-01 9.483492523826642095e-01 9.503594500562426717e-01 9.613610837997493830e-01 9.436173987606822910e-01 9.494002397562326667e-01 9.627056315826489907e-01 9.417068321789635599e-01 9.681289427476262865e-01 9.746025084924601067e-01 9.544933926837991800e-01 9.403962136846171216e-01 9.776475847881545000e-01 9.688432965111323236e-01 9.565400706960933697e-01 9.459206960741872727e-01 9.649488166541942968e-01 9.632959588717630028e-01 9.902853283936478013e-01
1.006540723392072012e+00 1.019708249908821696e+00 1.009375547751776514e+00 1.011834580715565313e+00 1.002387523472739517e+00 1.009795192365120942e+00 1.024168833485776808e+00 1.018707309270264982e+00 1.009730138259483656e+00 1.003632416613959411e+00 9.936893998415810003e-01 1.001572269572980955e+00 9.845224594077425229e-01 9.966721557177561364e-01 9.912278908513627584e-01 1.000414592912211242e+00 1.003977820563425993e+00 1.013575054039074219e+00 1.021984925742045691e+00 1.021454703086367655e+00 1.021339971572654992e+00 1.014631427298255062e+00 1.031567052083389502e+00 1.017698705371002488e+00 1.022339665664813824e+00 1.039397362948422776e+00 1.029015318330115170e+00 1.054946937429265486e+00 1.040301297899053345e+00 1.034774068568417027e+00 1.042414642495375743e+00 1.049017594040168921e+00 1.089668585887638486e+00 1.060282819237369667e+00 1.093879358733456764e+00 1.076672988136196274e+00 1.080062822624141106e+00 1.034122351884461777e+00 1.051444010915590033e+00 1.007389023711071863e+00 1.015046777519728938e+00 9.710625628912238350e-01 9.749813799978840345e-01 9.538505858267330995e-01 9.441943567563284567e-01 9.301101562584969118e-01 9.235361415021270393e-01 9.022211332287350949e-01 9.092615315865928416e-01 9.225386042679801779e-01 9.109861708591739937e-01 9.080963319022055114e-01 9.043915106195558051e-01 9.212044112334530910e-01 9.166790111020397536e-01 9.433345251674476462e-01 9.172687914560373468e-01 9.315011461524700387e-01 9.175566168329023498e-01 9.184860280778374131e-01 9.336944741663695257e-01 9.233310050118792578e-01 9.339043385254470753e-01 9.338046336856441476e-01 9.430681236778184484e-01 9.212033072605357864e-01 9.102425696399248922e-01 9.379617932185863038e-01 9.432122388284236436e-01 9.408590543332683298e-01 9.257906809923999170e-01 9.523329970524511134e-01 9.233502205464045876e-01 9.650932914968751719e-01 9.533734577713754987e-01 9.489191467544152436e-01 9.657589288620151979e-01 9.255089263361568896e-01 9.782961971459800399e-01 9.432160623517296116e-01 9.836281904349716276e-01
1.017463338313938204e+00 1.033749096898735287e+00 1.025432969635323488e+00 1.042767480138847569e+00 1.021582351099249664e+00 1.022078475916299745e+00 1.022250929046098822e+00 1.017952046854467163e+00 1.016444800621217004e+00 1.009530990113775228e+00 1.001572269572980955e+00 9.929879518392777937e-01 9.789223547218038890e-01 1.013717363116796388e+00 1.006984387536595582e+00 1.012457405360386087e+00 1.014773161934517942e+00 1.025656371088351726e+00 1.021585717362644807e+00 1.032712861490228118e+00 1.018100171787281516e+00 1.025440391069236012e+00 1.032224028566712581e+00 1.034908588998666890e+00 1.044039359493500019e+00 1.037576372404668046e+00 1.054644887522939722e+00 1.061081352359395824e+00 1.055510823604653314e+00 1.061086755087050637e+00 1.057317455405591522e+00 1.060690430511795013e+00 1.088917704282985843e+00 1.083240639413514561e+00 1.110007793707937562e+00 1.115695154855302462e+00 1.076232787862173801e+00 1.050840963685864216e+00 1.035836327677723157e+00 1.016552504261790224e+00 9.983751089980139604e-01 9.814951246761323134e-01 9.750471755420552222e-01 9.448971817605571477e-01 9.508367993685740149e-01 9.296854916612335984e-01 9.192277873438207125e-01 9.184002585811050778e-01 9.074500511592533680e-01 9.084787531812613670e-01 9.135634650649081534e-01 9.260984754738154079e-01 9.285472357569414248e-01 9.260776701200218453e-01 9.114199518190903015e-01 9.340816593996191797e-01 9.287414886537741499e-01 9.222998837526098503e-01 9.068732870086492204e-01 9.301356220755148119e-01 9.396596123413692991e-01 9.286315419918359515e-01 9.158232038099509698e-01 9.669291809981001018e-01 9.593081158841503253e-01 9.242710834500520445e-01 9.518935958852856594e-01 9.335001024679600024e-01 9.326737057718557100e-01 9.507838356458133688e-01 9.542718183784308916e-01 9.526344707983757099e-01 9.452315503866971502e-01 9.530443519059469404e-01 9.539869610405571354e-01 9.555794265098993545e-01 9.663177722011587756e-01 1.001195769552029047e+00 9.697081335377923939e-01 9.487133376521283967e-01 9.964972616644428571e-01
1.001906460055114412e+00 1.014044527383035188e+00 1.013333971927819821e+00 1.013340716336410541e+00 9.979924754844198276e-01 1.002592444526569926e+00 1.022244876396722901e+00 1.001821513625487103e+00 1.000348611181377301e+00 9.935947329101807446e-01 9.845224594077425229e-01 9.789223547218038890e-01 9.991324747429716213e-01 1.006777663762096875e+00 9.995219141743617586e-01 9.998636996072909344e-01 9.993342220363418127e-01 1.004492839966748763e+00 9.912227756259247569e-01 9.937859066190346535e-01 1.012613262525741131e+00 9.971347054171102453e-01 1.002044867273546913e+00 1.016535148914712083e+00 1.004931453426070931e+00 1.017370024904597381e+00 1.025549305585838900e+00 1.032998109664822639e+00 1.037663140125071992e+00 1.028260684976558093e+00 1.027087519801346716e+00 1.038397838184402122e+00 1.090514722036280970e+00 1.069565162610236708e+00 1.071150222420845788e+00 1.086442795371827863e+00 1.076750815525069793e+00 1.035409008165887990e+00 1.022762693553743940e+00 1.015482772243215370e+00 9.925403113918526143e-01 9.652839451878506560e-01 9.300404843343456074e-01 9.415959764320879222e-01 9.168280863064403041e-01 9.180161236126423985e-01 9.062601045566810454e-01 8.997228559097630862e-01 8.848040518327767723e-01 8.996698355910274225e-01 8.995355332765877510e-01 8.849309938233650419e-01 9.198402129856424470e-01 9.139059292330437012e-01 9.164002163417092062e-01 8.986601044846516118e-01 9.418270671155656304e-01 9.212108445473894403e-01 9.252367401585543938e-01 9.158130077686142956e-01 9.242960244107691903e-01 9.157430293264532395e-01 9.420150221565773974e-01 9.409194989117526386e-01 9.275092044527947222e-01 9.457831769748494821e-01 9.079677135048279668e-01 9.342664635064921175e-01 9.179404450549090155e-01 9.172233575496843150e-01 9.127119674970027852e-01 8.988514590503854373e-01 9.393388168841221297e-01 9.592058305480568592e-01 9.122286493319656797e-01 9.661758997960291362e-01 9.306079290839340823e-01 9.538579536588972507e-01 9.835233636020734860e-01 9.700404253360667139e-01 9.592173639409757868e-01
1.025569103873059884e+00 1.051729022044734396e+00 1.024887361308413292e+00 1.020965062251339317e+00 1.014721048971946482e+00 1.009848798032329187e+00 1.023238980145631638e+00 1.020898072606690521e+00 1.012762927765739285e+00 1.003690806597480778e+00 9.966721557177561364e-01 1.013717363116796388e+00 1.006777663762096875e+00 9.923517936813157636e-01 9.974438602284649846e-01 1.009057857797727831e+00 1.014441791049522035e+00 1.016859194701969615e+00 1.005346901865316056e+00 1.028391484541378853e+00 1.025695749054105654e+00 1.022812048767715698e+00 1.025937322975212007e+00 1.022732092841653229e+00 1.027023608152203948e+00 1.025378095151111779e+00 1.027796986201652274e+00 1.038241292633282686e+00 1.044622446461971332e+00 1.061707427851420915e+00 1.035623631450539373e+00 1.043505380675683325e+00 1.097221378792828661e+00 1.090355717168219440e+00 1.116963526479107127e+00 1.099770670424698782e+00 1.082375034097334598e+00 1.041186164246252766e+00 1.032102054557030080e+00 1.008485034608129993e+00 1.000405942347398325e+00 9.796475634543378996e-01 9.450234512311267432e-01 9.459025863863966821e-01 9.395345076631370640e-01 9.188627358851829685e-01 9.204591554575125567e-01 9.086513443070785012e-01 8.850083542397758629e-01 9.229199408268862204e-01 8.881984356945954451e-01 9.330027372921929629e-01 9.113999652293651721e-01 9.171662584397578533e-01 9.035281054487128705e-01 9.457330407122583882e-01 9.298531012025624820e-01 9.497560393359407716e-01 9.326409398420862917e-01 9.377142332404245773e-01 9.426736349377571322e-01 9.261725706791050783e-01 9.405016005685427061e-01 9.106149452043393877e-01 9.308354951600430471e-01 9.289978056398510153e-01 9.599387692424636853e-01 9.536313886140910245e-01 9.391036024125152260e-01 9.289403886727271020e-01 9.681879937991633156e-01 9.591605465483504789e-01 9.287226013993569174e-01 9.370043835250669861e-01 9.343405963909927614e-01 9.620605773201400535e-01 9.770794850257428221e-01 9.706034193975761060e-01 9.878309756192436009e-01 9.740721310616610173e-01 9.846958536032385245e-01
1.029226809517381769e+00 1.040071139709324299e+00 1.019328496833192599e+00 1.027466845469410028e+00 1.007514275349531419e+00 1.017583858821117904e+00 1.014280368601311100e+00 1.013341111432050967e+00 1.019186514998720483e+00 1.010388436393837797e+00 9.912278908513627584e-01 1.006984387536595582e+00 9.995219141743617586e-01 9.974438602284649846e-01 1.002542826320617975e+00 1.014897665762246826e+00 9.989586808606346624e-01 1.004417636905158506e+00 9.933697650300212789e-01 1.013214315783165897e+00 1.025988369816546619e+00 1.000636023172273292e+00 1.009370162858172604e+00 1.002849450985279223e+00 1.013435725569481916e+00 1.012272984032003498e+00 1.030996625174402936e+00 1.030348623501416760e+00 1.029108456947330774e+00 1.056994537896236652e+00 1.036327343234927367e+00 1.043299119332880442e+00 1.081830959324423080e+00 1.063197026156480041e+00 1.078415777790136865e+00 1.087722748589943444e+00 1.077569784299997613e+00 1.046225527242924613e+00 1.023160160345015557e+00 1.013870302856948458e+00 9.853440367402375166e-01 9.659693723049468383e-01 9.526495193113982962e-01 9.449573236210663252e-01 9.333205210481141378e-01 9.162135906050470346e-01 9.103595085461577696e-01 9.129996658382594221e-01 8.750676945772585258e-01 9.215548902423941202e-01 9.131788223882394417e-01 9.220132723547446174e-01 8.889717692582556063e-01 9.087121898325237757e-01 8.955053112199858889e-01 9.251443258732537922e-01 9.211247930346462276e-01 9.108045406508620268e-01 9.203483720980381033e-01 8.907323366923675101e-01 9.175091868814005958e-01 9.354926832320268337e-01 9.493035955994775232e-01 9.097558356445909489e-01 9.498249776834323255e-01 9.466101848738115443e-01 9.472896462107155413e-01 9.748157402492886314e-01 9.803839845420434518e-01 9.193611269707772093e-01 9.327991773864032776e-01 9.550831516375167807e-01 9.295902519455133683e-01 9.538891413096159955e-01 9.448609666298825038e-01 9.408173432196259567e-01 9.638828546800017882e-01 9.662238413528508874e-01 9.463506023395730216e-01 9.669423359665892947e-01 9.760734423787096325e-01
1.037176337961536854e+00 1.042984683087004205e+00 1.036872370017398959e+00 1.026427118337051692e+00 1.026623612114511586e+00 1.039153401358714479e+00 1.033184197387499337e+00 1.021660871103771351e+00 1.020242885450808323e+00 1.014504562788802300e+00 1.000414592912211242e+00 1.012457405360386087e+00 9.998636996072909344e-01 1.009057857797727831e+00 1.014897665762246826e+00 1.007675877516625240e+00 1.013630860719376248e+00 1.008570416886607646e+00 1.000567781941240408e+00 1.011917527691276186e+00 1.024178885466897615e+00 1.012456373500787210e+00 1.020315442707234288e+00 1.010609546183111496e+00 1.023429254458633419e+00 1.020836065009752769e+00 1.044760914782045358e+00 1.047111166752922706e+00 1.043148369619553151e+00 1.048863909106308556e+00 1.046321144280521365e+00 1.056391629823157263e+00 1.089767310503205966e+00 1.090007958386988385e+00 1.119601091560142647e+00 1.097179182656057295e+00 1.088077277224039241e+00 1.054884196185475131e+00 1.027312031999111808e+00 1.015045174107189974e+00 9.994159929640827889e-01 9.745224204797746648e-01 9.469221246592718355e-01 9.189431623320593046e-01 9.306122082052746824e-01 9.285253391058874151e-01 9.029022217042483867e-01 9.121349836457736115e-01 9.154757713886048087e-01 9.182110775103227152e-01 9.091645553502964994e-01 9.122443349582202154e-01 9.211719342060692428e-01 9.275596151190748095e-01 9.147833036347796654e-01 9.131871368959774138e-01 9.275156478843784580e-01 9.222657227873879426e-01 9.306218205969548629e-01 9.357459397959418945e-01 9.133869301863183354e-01 9.456965261966174818e-01 9.371717747474476168e-01 9.564687525720525496e-01 9.275128848388153324e-01 9.255270373337781686e-01 9.284578013753550518e-01 9.471586378581948740e-01 9.173618105971024228e-01 9.821221690448301844e-01 9.754658455116492766e-01 9.363625011454994596e-01 9.398230163203883381e-01 9.839007448711917236e-01 9.652454231698215370e-01 9.396181327329469202e-01 9.533082379405215523e-01 9.666314851039184974e-01 9.941190893707135823e-01 9.588121489130846387e-01 9.674646552075211181e-01
1.040583105530915820e+00 1.033586945964175108e+00 1.029562195429702065e+00 1.032695288889150964e+00 1.020726623686695422e+00 1.023332012710351790e+00 1.021640262659929466e+00 1.024732505563247020e+00 1.015194199954504217e+00 1.023053036996789844e+00 1.003977820563425993e+00 1.014773161934517942e+00 9.993342220363418127e-01 1.014441791049522035e+00 9.989586808606346624e-01 1.013630860719376248e+00 1.005041372280456757e+00 1.010989166112192805e+00 9.971924911740558395e-01 1.016084456495770505e+00 1.018445751197433191e+00 1.012690247219499629e+00 1.016287653640618904e+00 1.015171585766220685e+00 1.015771415458923022e+00 1.022963176767250237e+00 1.027624242190584347e+00 1.040685535874778411e+00 1.041273405017070885e+00 1.035819893205715436e+00 1.052748268240399909e+00 1.044825511119356287e+00 1.074456659998228591e+00 1.073030734048260992e+00 1.102344183792685950e+00 1.096815569538761581e+00 1.087430530043122623e+00 1.055341495288013354e+00 1.021502401778451752e+00 1.000142819285813944e+00 9.976590653718154789e-01 9.663100715800529983e-01 9.449184758218835967e-01 9.272741544686083914e-01 9.407436415053428425e-01 9.049561899825522282e-01 8.988167009600299684e-01 9.036993949631019207e-01 8.823579359097192265e-01 9.211843649559731118e-01 9.240089956160388862e-01 9.084941033910796104e-01 9.083812178468356757e-01 9.054675779549048453e-01 9.064968963623216691e-01 9.057092273962503715e-01 9.260610803556916792e-01 9.177025839156157661e-01 9.210720659725692983e-01 9.266000166355543577e-01 9.187270667580665906e-01 9.276210101505568684e-01 9.270784979092026035e-01 9.316506276434532996e-01 9.248498042698001242e-01 9.540734692613459522e-01 9.183675799776261917e-01 9.958804446328994864e-01 9.372660004330038985e-01 9.462523439490088117e-01 9.532194790821744146e-01 9.523761168680353606e-01 9.595671539047132548e-01 9.375957856181819094e-01 9.474117679037021844e-01 9.545393567147510971e-01 9.675683733727886704e-01 9.515429942938792296e-01 9.565741632758507640e-01 9.739670342610318166e-01 1.008065076976573327e+00
1.046961486221859028e+00 1.051314641564443653e+00 1.052223887342241593e+00 1.058391826407204306e+00 1.043794922611010589e+00 1.035855227239978582e+00 1.053493768617158599e+00 1.045993371330587118e+00 1.045515502538921782e+00 1.026496742255505357e+00 1.013575054039074219e+00 1.025656371088351726e+00 1.004492839966748763e+00 1.016859194701969615e+00 1.004417636905158506e+00 1.008570416886607646e+00 1.010989166112192805e+00 1.027958856687324118e+00 1.026156003534398842e+00 1.028602803715438441e+00 1.035133113503550417e+00 1.020155266522335236e+00 1.024467434576699088e+00 1.025879328493394471e+00 1.025402141968717373e+00 1.030434672376850713e+00 1.055818967607367487e+00 1.045822871176524060e+00 1.038211093275879460e+00 1.060260572509846178e+00 1.064212500989862420e+00 1.051424001275708120e+00 1.094108533736315447e+00 1.101703704774675163e+00 1.104210129842781551e+00 1.100681208947751344e+00 1.090824880912667272e+00 1.050022833078615658e+00 1.045789835206271334e+00 1.011692948424072203e+00 9.976197368373865837e-01 9.850206875974658605e-01 9.562003696930203578e-01 9.406157120435089114e-01 9.302262435723076539e-01 9.142786592768757936e-01 9.162193164168058734e-01 9.165735777996887323e-01 8.816337218215333227e-01 9.129853002392788186e-01 9.191016887247818179e-01 9.149982182216447324e-01 9.349905418235698873e-01 9.137441870886209294e-01 9.035976181984189948e-01 9.231372243357887086e-01 9.184994471084081402e-01 9.190198491266153846e-01 9.336496439497277144e-01 8.877058630743951406e-01 9.545088437399105175e-01 9.304373031124814064e-01 9.583719654115953057e-01 9.642064424649363641e-01 9.567856046581412199e-01 9.385218389297896868e-01 9.569873494352224563e-01 9.683388579064819979e-01 9.606116768579389120e-01 9.439798350830855833e-01 9.665348236072841548e-01 9.454155273532018899e-01 9.646039718138624819e-01 9.608891313298516534e-01 9.703512655508748086e-01 9.585296664202069827e-01 9.775098985491507131e-01 9.858733038791636094e-01 9.909265351712999159e-01 9.766592083331577800e-01 1.004533425670408819e+00
1.042903793802473444e+00 1.044322198699070059e+00 1.040138405072662309e+00 1.036193810988930597e+00 1.017248200564697891e+00 1.038185983585854677e+00 1.029303627928660925e+00 1.040859548878200425e+00 1.032306819399120501e+00 1.020414919710330492e+00 1.021984925742045691e+00 1.021585717362644807e+00 9.912227756259247569e-01 1.005346901865316056e+00 9.933697650300212789e-01 1.000567781941240408e+00 9.971924911740558395e-01 1.026156003534398842e+00 9.940903450458065116e-01 1.011100619153509905e+00 1.011533451340120626e+00 1.008560916059664692e+00 1.009960263534884550e+00 1.010765837943933043e+00 1.004548527041642769e+00 1.016977375821294993e+00 1.035673897963309553e+00 1.039091207027893704e+00 1.038098293542328188e+00 1.041774569980843834e+00 1.056660240211276136e+00 1.066491006749495041e+00 1.078326511901830154e+00 1.082592426273452979e+00 1.072743913993631892e+00 1.078508504697113235e+00 1.066960188880061056e+00 1.027934954710236104e+00 1.022280477629477380e+00 9.927882354125139308e-01 9.772258868824612588e-01 9.519792236303160626e-01 9.301340946407981036e-01 9.319692312124348010e-01 9.143732717286798817e-01 8.901271214592852976e-01 9.212092030262963860e-01 8.909816129839007726e-01 8.871108689719341411e-01 9.014492465128118859e-01 8.979985788259048363e-01 9.007036062516382557e-01 9.025432250109532983e-01 9.145939853101897610e-01 9.183891605559973970e-01 9.167789504524394006e-01 8.918905759082710327e-01 9.250488412524816573e-01 9.242589641009774093e-01 9.069927941936519744e-01 9.257627428714517714e-01 9.202528663075162374e-01 9.241011404862229384e-01 9.315910004918306342e-01 9.326781926140420564e-01 9.300953531098594684e-01 9.303691688943636073e-01 9.559186375217494369e-01 9.707100739095998465e-01 9.380754563342013075e-01 9.454325501127234244e-01 9.454707283634339321e-01 9.594532720489445943e-01 9.479840475263161537e-01 9.619631181403287545e-01 9.492749025945994568e-01 9.873439383217504917e-01 9.719266867584289704e-01 9.664125728867736242e-01 9.768966935547698238e-01 9.705528383004468074e-01
