9.643945877091777419e-01 1.027496259817811897e+00 1.019728995075808387e+00 1.037612527649716343e+00 1.017346157340698110e+00 9.324119593862204569e-01 9.706265597121912503e-01 9.299457957382558648e-01 9.760893138131846447e-01 9.641532757144820609e-01 9.525730889172699944e-01 9.459030879602524644e-01 9.870076945314082417e-01 8.975617094883593383e-01 9.408774455866614206e-01 9.459132669244532110e-01 8.869919998606695666e-01 9.613291520619975383e-01 9.724417178292126263e-01 1.020629314748942695e+00 9.586247835569248199e-01 1.005845443232014969e+00 9.548115519438128418e-01 9.097158039569475108e-01 9.025160752192481484e-01 9.146852390742202799e-01 9.294206264883143609e-01 9.391633200006317406e-01 9.391577905248417180e-01 9.190457563601128754e-01 8.460934142117411128e-01 9.288841534550671408e-01 8.798605917698711920e-01 9.372140011745329069e-01 9.297802008114366412e-01 8.335614216106960184e-01 9.264026982751639716e-01 8.717968460967364663e-01 8.085860624167503508e-01 8.017666193397385843e-01 7.837927631755627900e-01
1.027496259817811897e+00 1.080461461727632466e+00 1.025424391784056422e+00 1.031600158554058844e+00 1.005580231686044712e+00 9.989558094879805727e-01 9.861405264244469393e-01 9.881760512301055455e-01 9.912201765289800903e-01 1.023683439668116701e+00 9.665908343695651661e-01 9.620605358374170191e-01 1.003057713987656863e+00 9.736261786505376881e-01 9.976470493855021937e-01 9.775011649113937162e-01 9.486081243787956030e-01 9.237824262947539333e-01 9.082247392794040586e-01 9.904387286702236448e-01 9.468990967017069105e-01 9.872778812735555354e-01 9.432309116471236932e-01 9.420316125697562049e-01 9.042367650650391386e-01 8.516517901628363196e-01 9.854074417647317174e-01 9.455843324452649634e-01 9.444767966305978035e-01 1.003698396282885819e+00 1.014625563587225443e+00 9.461188192458245272e-01 9.927794229119837333e-01 8.929286795777282570e-01 8.934796056378486728e-01 9.138905801628287584e-01 9.309931253606524848e-01 8.511062427345515990e-01 9.038030889371306831e-01 8.141633121479898705e-01 7.980767806855993962e-01
1.019728995075808387e+00 1.025424391784056422e+00 1.050207993559787001e+00 1.055374884088745358e+00 1.010703173317186065e+00 1.011162431619631707e+00 1.002002114752311490e+00 9.686439040074323881e-01 1.013566025718368735e+00 1.008487275156570995e+00 9.438591976845751574e-01 9.678504852033401606e-01 1.001178779336246771e+00 9.658660749847033378e-01 9.155927904351752744e-01 9.166594537197462200e-01 9.132508861367594211e-01 9.147934661223762198e-01 9.821434805339641638e-01 1.106779818432971574e+00 8.928621072451787821e-01 9.637769110343190615e-01 9.741689263770391127e-01 9.807877116112810878e-01 9.614073148511147471e-01 8.589576029761257780e-01 9.724666208388512700e-01 9.066415959184668250e-01 8.475218659511305486e-01 9.002856770477414283e-01 9.720070200126620374e-01 8.966213153900474131e-01 9.909699647435525893e-01 9.753473253083217998e-01 8.802286350283760052e-01 7.993014927603007136e-01 8.682429784216091351e-01 9.379457448539485487e-01 8.829286206243759372e-01 9.004255631560298401e-01 8.524639793131972842e-01
1.037612527649716343e+00 1.031600158554058844e+00 1.055374884088745358e+00 1.026023761223973985e+00 1.051741956138120049e+00 1.022398102696871369e+00 1.028620749854439520e+00 1.001239978427828525e+00 1.013716316477443202e+00 1.020555572077293638e+00 9.740060237562280232e-01 9.472217859312686006e-01 1.041836058000427778e+00 1.007570226147450176e+00 9.453655187520900727e-01 9.478433916193748088e-01 1.015522513011730243e+00 9.935072044371480171e-01 9.116440141234307681e-01 1.016623091318727523e+00 9.501452525407895200e-01 9.096700552042353838e-01 9.402534604416131758e-01 9.297271198506144030e-01 9.229566140299726440e-01 9.674637478799287260e-01 9.755648834379692103e-01 9.251834500764074543e-01 9.449640079466730125e-01 8.983256742828451547e-01 9.584763901696886634e-01 8.270036378009062439e-01 9.000420972113754026e-01 8.920388665658526284e-01 9.397439089948572688e-01 9.656608730085937120e-01 9.167323756497279819e-01 8.502947392312619757e-01 8.987755031165242103e-01 8.658907573265929303e-01 9.518209872915608383e-01
1.017346157340698110e+00 1.005580231686044712e+00 1.010703173317186065e+00 1.051741956138120049e+00 1.051178255946821016e+00 1.079778354808895946e+00 1.043350621423378088e+00 9.721121851973134609e-01 1.002959790309275290e+00 1.043154510229626908e+00 9.918623466593611271e-01 9.853719434412803180e-01 1.004609662803342518e+00 9.592463833680119345e-01 9.481850855228273200e-01 9.666921908496551863e-01 9.460325398946127784e-01 9.575304806997785301e-01 1.021311127529440865e+00 9.486483807166610216e-01 9.424848876619263960e-01 9.496429623649004226e-01 9.937200854315716425e-01 9.234663923446287948e-01 9.780649541048825890e-01 8.959391366368827381e-01 1.001883641480054488e+00 9.590581404799997101e-01 9.130011148249113084e-01 9.853546706842584157e-01 9.165339332597687294e-01 9.163528309639561442e-01 9.443460629488972247e-01 9.113867755031387352e-01 9.238188293100406678e-01 9.237657241195137425e-01 8.729065186816024058e-01 8.799870417522608346e-01 8.696014664557013552e-01 8.325682424367870649e-01 8.741034877561256744e-01
9.324119593862204569e-01 9.989558094879805727e-01 1.011162431619631707e+00 1.022398102696871369e+00 1.079778354808895946e+00 1.060352828549111059e+00 1.079545032347822175e+00 1.044035045776924520e+00 1.021988926550087218e+00 1.021030243526250159e+00 1.027645984196959850e+00 9.945209714799311262e-01 1.025988435160904322e+00 9.678279470292139308e-01 9.486220460257809295e-01 9.496874428527484202e-01 9.348837327697959720e-01 9.784567919068574149e-01 9.787443279822483078e-01 1.082979100062125388e+00 9.302374986878062524e-01 9.505299545373774306e-01 9.601497595573654786e-01 9.837563266142645979e-01 9.258025445069564263e-01 1.025733257499573670e+00 9.103899503388120928e-01 9.318354623545546112e-01 9.490546134510935428e-01 8.814136504710481379e-01 8.411595510812475140e-01 8.622180159775892916e-01 8.596849093231612171e-01 8.430319107748261986e-01 8.748529980230023151e-01 8.781764747433870033e-01 9.617761847918552265e-01 8.357802265069567138e-01 8.605923561234913866e-01 8.475607518435952503e-01 8.781966147858230043e-01
9.706265597121912503e-01 9.861405264244469393e-01 1.002002114752311490e+00 1.028620749854439520e+00 1.043350621423378088e+00 1.079545032347822175e+00 1.009810409373501638e+00 1.028537833091503373e+00 1.019348091837613657e+00 1.053697710913964913e+00 1.047999404052769590e+00 1.000992394752298509e+00 1.043438959118672127e+00 1.034577786358653384e+00 1.005849265272404924e+00 1.010063639323613760e+00 9.599164835717416411e-01 1.031110595096966120e+00 1.003363756308160770e+00 9.919632129576735347e-01 9.695289627450304204e-01 1.010922859341944591e+00 1.045420929750310979e+00 9.829821057008371055e-01 1.015616682777813251e+00 1.062588830304874499e+00 9.449192818596742205e-01 9.517396609670882857e-01 1.045956879625736136e+00 9.834313945419188574e-01 9.294385961682420927e-01 9.619485730838178705e-01 9.824355641359274749e-01 9.148155867730106694e-01 8.934179862055799948e-01 9.500192934192560612e-01 9.099593641755809870e-01 9.471347140168204781e-01 8.907269141363867160e-01 8.146028445522494055e-01 7.955070577947653820e-01
9.299457957382558648e-01 9.881760512301055455e-01 9.686439040074323881e-01 1.001239978427828525e+00 9.721121851973134609e-01 1.044035045776924520e+00 1.028537833091503373e+00 9.713791899039052602e-01 1.092662664734487254e+00 1.014549961107510390e+00 1.001804412459251337e+00 1.014771052553201658e+00 1.034205145998054798e+00 9.602396190876743010e-01 1.021600966554539358e+00 9.839836359985401071e-01 1.008991573182310475e+00 9.494420000372629787e-01 9.606409604395562685e-01 9.097552450850346917e-01 1.062474117143599628e+00 9.618082105205670862e-01 9.537262482213679782e-01 1.006376100870597590e+00 9.597578689318195799e-01 9.268922760366163915e-01 9.501567947868576614e-01 1.053135190024760970e+00 9.678332319527027661e-01 9.127935793121975117e-01 8.926282331823907068e-01 9.497340661857410771e-01 9.546927784010746931e-01 9.738058371821272097e-01 9.019456467572055658e-01 9.249694728062269888e-01 9.866752093019244274e-01 8.660915320165764042e-01 8.161571176232897962e-01 9.059697286098573610e-01 9.416861928148109184e-01
9.760893138131846447e-01 9.912201765289800903e-01 1.013566025718368735e+00 1.013716316477443202e+00 1.002959790309275290e+00 1.021988926550087218e+00 1.019348091837613657e+00 1.092662664734487254e+00 1.105571251795689713e+00 1.118996848954987078e+00 1.028217112644143505e+00 9.788477117555577367e-01 1.070413993348022785e+00 1.004285172365466661e+00 9.908903913225864946e-01 9.989664828193403068e-01 9.806576063113893182e-01 9.990647083547017360e-01 9.891764082306412353e-01 1.017743920746218889e+00 9.390507005768491400e-01 9.280394917027763313e-01 9.461922981753017048e-01 9.516164763707825047e-01 9.587023375480040466e-01 9.296410713543450388e-01 9.353274986013258019e-01 1.011771324708411024e+00 9.606609453458979653e-01 1.010147335439491867e+00 9.630796584873594357e-01 9.712228456409728317e-01 1.010811745795271888e+00 9.482199730711775576e-01 8.789422527673018681e-01 9.533916972697777936e-01 9.223563654242359355e-01 8.655610409367425762e-01 8.835784627880305386e-01 8.294864559816614857e-01 8.336987006231294517e-01
9.641532757144820609e-01 1.023683439668116701e+00 1.008487275156570995e+00 1.020555572077293638e+00 1.043154510229626908e+00 1.021030243526250159e+00 1.053697710913964913e+00 1.014549961107510390e+00 1.118996848954987078e+00 1.042688246466410229e+00 1.004135269844120604e+00 1.029665631619076649e+00 1.085858677239152748e+00 1.024624824619795760e+00 1.063699664569172754e+00 1.042312327994527221e+00 9.516401580640532210e-01 1.056686727359393396e+00 9.792677958701920815e-01 1.046958927659486394e+00 9.777802373868468289e-01 9.762876452138816719e-01 9.507716094041088750e-01 9.877334973752739389e-01 1.035826780704936612e+00 9.881146519597867606e-01 1.004039268885363878e+00 9.461025433705092524e-01 9.681355276757532824e-01 9.633632072132729540e-01 1.043827604305450407e+00 1.031679440902639966e+00 9.813457893361557938e-01 8.885330909866607785e-01 9.599107936704655009e-01 9.369893388984356086e-01 9.938675929351087346e-01 8.418103962314849031e-01 8.767950635418904071e-01 9.080560987851545862e-01 9.574856046885941163e-01
9.525730889172699944e-01 9.665908343695651661e-01 9.438591976845751574e-01 9.740060237562280232e-01 9.918623466593611271e-01 1.027645984196959850e+00 1.047999404052769590e+00 1.001804412459251337e+00 1.028217112644143505e+00 1.004135269844120604e+00 1.038389718808393258e+00 1.037217622677778728e+00 1.035436750877959833e+00 1.028082289188596343e+00 1.004060579964489053e+00 1.010409408271524700e+00 1.047418624400389575e+00 9.688408202216662879e-01 9.570623018105595126e-01 1.068019179676282349e+00 1.013453381055244185e+00 1.033611813357100173e+00 9.564863583595024643e-01 9.267181664018708798e-01 9.834114698781936115e-01 9.643268542040681623e-01 9.655660860317895056e-01 9.881960398233968768e-01 9.597274192491417333e-01 1.041717982237216233e+00 9.107973708890260145e-01 9.077259756255784406e-01 9.523726419067236604e-01 9.721970263256878297e-01 9.427951151801463592e-01 9.672813177613689417e-01 9.705598891482948298e-01 9.181332999310706233e-01 9.234845386637163811e-01 9.987543614880640686e-01 8.925059116958781180e-01
9.459030879602524644e-01 9.620605358374170191e-01 9.678504852033401606e-01 9.472217859312686006e-01 9.853719434412803180e-01 9.945209714799311262e-01 1.000992394752298509e+00 1.014771052553201658e+00 9.788477117555577367e-01 1.029665631619076649e+00 1.037217622677778728e+00 9.815764032685156959e-01 9.999256327536920619e-01 9.943255769731985660e-01 1.018256962008307953e+00 1.013592037473646901e+00 1.052723944609895268e+00 9.941156974617011421e-01 1.038226487319010793e+00 1.030193213451560785e+00 1.055071291042162906e+00 1.045881959521272497e+00 9.254337936937632181e-01 9.936071018248474607e-01 1.014239004929727406e+00 1.023920433410213437e+00 1.021208595442511635e+00 1.026972822182586453e+00 9.617216180369471124e-01 9.869614432852863439e-01 9.684267614085684261e-01 9.703298444555826796e-01 1.005399354516347321e+00 9.340146312141455187e-01 9.747915213144915381e-01 9.835179410383279031e-01 9.853536916839532589e-01 8.932486897672332615e-01 9.748306468421270576e-01 9.002340409047793202e-01 9.425051051488911869e-01
9.870076945314082417e-01 1.003057713987656863e+00 1.001178779336246771e+00 1.041836058000427778e+00 1.004609662803342518e+00 1.025988435160904322e+00 1.043438959118672127e+00 1.034205145998054798e+00 1.070413993348022785e+00 1.085858677239152748e+00 1.035436750877959833e+00 9.999256327536920619e-01 9.285376982827834302e-01 1.100305961354010265e+00 1.059849746238021861e+00 1.074641722428885560e+00 1.019046179707195909e+00 1.067065055828416043e+00 1.062547657991461891e+00 1.023549493140342603e+00 9.651040112132763804e-01 1.070939706393664981e+00 1.021134309175338872e+00 1.017567709486745020e+00 1.019893637041585643e+00 1.044464861023910895e+00 1.039023388944667392e+00 1.025169835721442047e+00 1.034915002888822100e+00 9.806336210048990365e-01 1.019081256371440647e+00 9.916951018847718347e-01 1.025653602549652987e+00 1.031024007123914288e+00 9.325085772943345619e-01 9.933884312281305862e-01 9.956157292510228185e-01 9.600847898202368169e-01 1.014355516861359385e+00 8.898762712641679062e-01 9.604253919539310624e-01
8.975617094883593383e-01 9.736261786505376881e-01 9.658660749847033378e-01 1.007570226147450176e+00 9.592463833680119345e-01 9.678279470292139308e-01 1.034577786358653384e+00 9.602396190876743010e-01 1.004285172365466661e+00 1.024624824619795760e+00 1.028082289188596343e+00 9.943255769731985660e-01 1.100305961354010265e+00 9.759013910345085696e-01 1.057352911640096149e+00 1.048274628941693765e+00 1.025093301141575264e+00 1.067618488823262046e+00 1.068010679599975532e+00 1.005415883094510132e+00 1.035565592531538792e+00 9.859382672298703243e-01 9.665634349449668816e-01 1.060010833227571947e+00 9.872889480156183950e-01 1.029427683511390912e+00 1.046293096426770708e+00 1.037784535348247328e+00 1.056681871008273044e+00 9.615543547638005784e-01 9.780681287805684798e-01 1.046788338640831206e+00 9.750591074261191205e-01 9.843845004661742060e-01 1.015955303004203447e+00 8.912725088816164654e-01 9.204178395581048555e-01 9.390311247088632962e-01 9.482393022882292799e-01 9.182943435932775511e-01 9.212536278682943447e-01
9.408774455866614206e-01 9.976470493855021937e-01 9.155927904351752744e-01 9.453655187520900727e-01 9.481850855228273200e-01 9.486220460257809295e-01 1.005849265272404924e+00 1.021600966554539358e+00 9.908903913225864946e-01 1.063699664569172754e+00 1.004060579964489053e+00 1.018256962008307953e+00 1.059849746238021861e+00 1.057352911640096149e+00 9.790522868622187902e-01 1.006887394632245858e+00 1.050814491686734131e+00 9.989149150030622870e-01 1.057614870521906170e+00 1.026686696014730504e+00 1.054333903405735073e+00 1.044822583299277685e+00 1.020155387753681531e+00 1.072710384446653009e+00 1.013461375476674808e+00 1.036220727125268137e+00 9.809207749706646551e-01 9.653107766312168936e-01 1.055130154165819123e+00 1.033785991729472942e+00 1.055215853416853644e+00 1.087681635760398446e+00 1.029850469354037568e+00 9.418093331909895838e-01 9.639027011290693947e-01 1.107308866615373644e+00 1.031728734705244621e+00 9.358181396347636793e-01 9.555411538169007457e-01 9.132286339006930875e-01 9.429193206657034976e-01
9.459132669244532110e-01 9.775011649113937162e-01 9.166594537197462200e-01 9.478433916193748088e-01 9.666921908496551863e-01 9.496874428527484202e-01 1.010063639323613760e+00 9.839836359985401071e-01 9.989664828193403068e-01 1.042312327994527221e+00 1.010409408271524700e+00 1.013592037473646901e+00 1.074641722428885560e+00 1.048274628941693765e+00 1.006887394632245858e+00 9.905199360590236646e-01 9.870184356355022892e-01 1.068911983084811501e+00 1.042379534211910874e+00 1.033090626193422290e+00 1.076346502128354921e+00 1.019426473207770689e+00 1.025325263934560915e+00 9.478970370811605761e-01 1.035424843724841892e+00 1.044300843488032982e+00 1.041138612793387708e+00 9.893854163404510738e-01 1.011166484126497123e+00 1.018766114535374356e+00 1.017654075621061693e+00 1.032703560428881007e+00 9.571062880102159109e-01 9.563863501158734737e-01 1.099851012422616181e+00 9.297168394796637703e-01 9.119753075203478332e-01 9.775891108295201581e-01 9.134648550223931629e-01 9.804092704134211855e-01 9.512581312392155430e-01
8.869919998606695666e-01 9.486081243787956030e-01 9.132508861367594211e-01 1.015522513011730243e+00 9.460325398946127784e-01 9.348837327697959720e-01 9.599164835717416411e-01 1.008991573182310475e+00 9.806576063113893182e-01 9.516401580640532210e-01 1.047418624400389575e+00 1.052723944609895268e+00 1.019046179707195909e+00 1.025093301141575264e+00 1.050814491686734131e+00 9.870184356355022892e-01 9.891802055853764486e-01 1.035332713507924218e+00 1.039435805750956510e+00 1.021367954981953874e+00 1.044256025820849976e+00 9.659286568809321016e-01 1.011122128749321947e+00 9.775958747954809347e-01 1.010325285803784334e+00 9.713761233993666311e-01 1.052896432202154120e+00 9.477863110128428303e-01 1.013425302676858486e+00 1.029643295812942005e+00 9.889277514482606168e-01 1.089853976590773543e+00 1.051869501941498530e+00 1.074899716070255584e+00 9.612933760463776567e-01 9.959152386797429646e-01 9.432634950099015869e-01 8.783977089285663897e-01 9.546535985514652545e-01 9.423175456058183741e-01 9.613709286672217358e-01
9.613291520619975383e-01 9.237824262947539333e-01 9.147934661223762198e-01 9.935072044371480171e-01 9.575304806997785301e-01 9.784567919068574149e-01 1.031110595096966120e+00 9.494420000372629787e-01 9.990647083547017360e-01 1.056686727359393396e+00 9.688408202216662879e-01 9.941156974617011421e-01 1.067065055828416043e+00 1.067618488823262046e+00 9.989149150030622870e-01 1.068911983084811501e+00 1.035332713507924218e+00 1.021810394157797619e+00 1.005853345717757419e+00 1.066212398066836986e+00 1.007655442585119188e+00 1.042015273574940393e+00 1.063356135332010011e+00 1.023285008002558394e+00 1.018242085217802018e+00 1.051645982418535130e+00 9.980566142209368330e-01 1.001628376428998601e+00 1.018377639033372972e+00 9.704668293834709525e-01 1.008365729818569756e+00 1.026257442000818143e+00 1.008072630679714310e+00 9.459289534399779598e-01 9.504617405540914943e-01 9.640587328146692503e-01 1.009318251887639128e+00 1.027700676295778104e+00 9.519096565693527801e-01 9.173076630408365517e-01 8.920348762740063497e-01
9.724417178292126263e-01 9.082247392794040586e-01 9.821434805339641638e-01 9.116440141234307681e-01 1.021311127529440865e+00 9.787443279822483078e-01 1.003363756308160770e+00 9.606409604395562685e-01 9.891764082306412353e-01 9.792677958701920815e-01 9.570623018105595126e-01 1.038226487319010793e+00 1.062547657991461891e+00 1.068010679599975532e+00 1.057614870521906170e+00 1.042379534211910874e+00 1.039435805750956510e+00 1.005853345717757419e+00 1.047936650321212193e+00 9.732625193965362964e-01 1.032065461975671283e+00 1.061522015014485953e+00 9.937211329750517130e-01 1.064764243510512909e+00 1.063136207441941927e+00 1.013846547664591702e+00 1.007894638983111157e+00 1.009617974022822384e+00 1.021438377799126496e+00 1.035081448650878366e+00 1.048746633502816605e+00 1.003060129507786336e+00 1.019818385751194434e+00 9.639282592641044145e-01 9.746641662653150462e-01 1.018664589801041132e+00 1.000726992088345924e+00 9.124809747175002261e-01 9.917253871981718261e-01 9.309554573385847576e-01 8.862801683961957222e-01
1.020629314748942695e+00 9.904387286702236448e-01 1.106779818432971574e+00 1.016623091318727523e+00 9.486483807166610216e-01 1.082979100062125388e+00 9.919632129576735347e-01 9.097552450850346917e-01 1.017743920746218889e+00 1.046958927659486394e+00 1.068019179676282349e+00 1.030193213451560785e+00 1.023549493140342603e+00 1.005415883094510132e+00 1.026686696014730504e+00 1.033090626193422290e+00 1.021367954981953874e+00 1.066212398066836986e+00 9.732625193965362964e-01 9.812689318786934622e-01 1.000738008294627557e+00 1.073285322688866783e+00 1.017882751924899187e+00 1.057585196084942947e+00 9.944633407866959596e-01 1.013172277045429892e+00 1.010712187108687266e+00 9.949489821645328691e-01 1.002811223072825220e+00 1.017963011866653611e+00 1.018165155588587334e+00 9.381077793326890735e-01 9.402226171890737394e-01 9.058230379826700540e-01 1.034657470145037728e+00 9.605803247441183634e-01 1.040902160627518835e+00 9.809390443365098022e-01 9.135567976133799339e-01 8.878300285211442322e-01 9.251227096051161114e-01
9.586247835569248199e-01 9.468990967017069105e-01 8.928621072451787821e-01 9.501452525407895200e-01 9.424848876619263960e-01 9.302374986878062524e-01 9.695289627450304204e-01 1.062474117143599628e+00 9.390507005768491400e-01 9.777802373868468289e-01 1.013453381055244185e+00 1.055071291042162906e+00 9.651040112132763804e-01 1.035565592531538792e+00 1.054333903405735073e+00 1.076346502128354921e+00 1.044256025820849976e+00 1.007655442585119188e+00 1.032065461975671283e+00 1.000738008294627557e+00 1.028891033162102175e+00 1.122946711209778847e+00 1.034543908551189828e+00 1.002140202585225071e+00 1.002852747103138986e+00 9.902537411821626945e-01 1.062493603046843260e+00 1.005659533562307084e+00 1.003890987703377480e+00 1.029585826662628767e+00 9.358071268232106554e-01 9.652487215080925997e-01 9.709876196681326288e-01 9.446756939891509663e-01 9.665042745579025540e-01 9.446430530292174721e-01 9.637606003565836188e-01 9.112114623419029780e-01 9.355973392402591182e-01 9.882053834462973807e-01 9.468139970799679395e-01
1.005845443232014969e+00 9.872778812735555354e-01 9.637769110343190615e-01 9.096700552042353838e-01 9.496429623649004226e-01 9.505299545373774306e-01 1.010922859341944591e+00 9.618082105205670862e-01 9.280394917027763313e-01 9.762876452138816719e-01 1.033611813357100173e+00 1.045881959521272497e+00 1.070939706393664981e+00 9.859382672298703243e-01 1.044822583299277685e+00 1.019426473207770689e+00 9.659286568809321016e-01 1.042015273574940393e+00 1.061522015014485953e+00 1.073285322688866783e+00 1.122946711209778847e+00 1.002576962584944331e+00 9.875588099310077528e-01 1.044606408071049763e+00 9.772220635058236349e-01 1.006375662593833820e+00 1.043164841899827833e+00 9.913463082948160698e-01 9.754536663476179870e-01 1.018099815100944827e+00 1.009843197980445417e+00 1.036095737475094980e+00 9.876234649124403520e-01 1.007649577113286954e+00 1.096326299984748509e+00 9.574857409194992286e-01 9.744551246743220485e-01 1.024529952209277894e+00 9.438684017370336798e-01 9.741109051527442331e-01 8.949624238307576363e-01
9.548115519438128418e-01 9.432309116471236932e-01 9.741689263770391127e-01 9.402534604416131758e-01 9.937200854315716425e-01 9.601497595573654786e-01 1.045420929750310979e+00 9.537262482213679782e-01 9.461922981753017048e-01 9.507716094041088750e-01 9.564863583595024643e-01 9.254337936937632181e-01 1.021134309175338872e+00 9.665634349449668816e-01 1.020155387753681531e+00 1.025325263934560915e+00 1.011122128749321947e+00 1.063356135332010011e+00 9.937211329750517130e-01 1.017882751924899187e+00 1.034543908551189828e+00 9.875588099310077528e-01 1.024353387334863585e+00 1.026555954894280864e+00 1.035252285497478386e+00 9.855151293337924834e-01 1.004395447641419192e+00 1.045603964818828002e+00 9.871691669805967573e-01 9.624372736350257362e-01 9.655626739695098992e-01 9.438174940248754696e-01 1.003403623282252077e+00 9.471737350729599880e-01 9.689763356862739485e-01 9.025190405526326565e-01 9.487764253838244510e-01 9.772207255772195067e-01 9.079152699401151771e-01 9.237205301224882259e-01 9.344612962616449803e-01
9.097158039569475108e-01 9.420316125697562049e-01 9.807877116112810878e-01 9.297271198506144030e-01 9.234663923446287948e-01 9.837563266142645979e-01 9.829821057008371055e-01 1.006376100870597590e+00 9.516164763707825047e-01 9.877334973752739389e-01 9.267181664018708798e-01 9.936071018248474607e-01 1.017567709486745020e+00 1.060010833227571947e+00 1.072710384446653009e+00 9.478970370811605761e-01 9.775958747954809347e-01 1.023285008002558394e+00 1.064764243510512909e+00 1.057585196084942947e+00 1.002140202585225071e+00 1.044606408071049763e+00 1.026555954894280864e+00 1.126858439070180129e+00 9.824598947269981286e-01 1.021760820761453914e+00 1.023143359962590759e+00 9.715703162042667040e-01 1.049211374699589694e+00 1.023904497773583833e+00 1.023063077547260891e+00 9.548949852450889786e-01 1.009039268971560821e+00 1.000883423099818481e+00 9.484881761550357782e-01 9.343545940464271782e-01 1.094689975392601600e+00 9.007722246150264844e-01 9.622822455250393814e-01 8.946658498685950978e-01 9.530362704514321326e-01
9.025160752192481484e-01 9.042367650650391386e-01 9.614073148511147471e-01 9.229566140299726440e-01 9.780649541048825890e-01 9.258025445069564263e-01 1.015616682777813251e+00 9.597578689318195799e-01 9.587023375480040466e-01 1.035826780704936612e+00 9.834114698781936115e-01 1.014239004929727406e+00 1.019893637041585643e+00 9.872889480156183950e-01 1.013461375476674808e+00 1.035424843724841892e+00 1.010325285803784334e+00 1.018242085217802018e+00 1.063136207441941927e+00 9.944633407866959596e-01 1.002852747103138986e+00 9.772220635058236349e-01 1.035252285497478386e+00 9.824598947269981286e-01 1.002933874032241768e+00 1.061968592113720522e+00 1.033553687158033974e+00 9.971492573731671749e-01 9.776652262869501842e-01 9.989078953809168437e-01 1.018023370252881810e+00 9.785045218090577812e-01 1.003044558541018816e+00 1.055753232940088271e+00 1.001939291465903992e+00 9.842269084783739075e-01 1.031648979013662037e+00 9.741573056584441614e-01 8.614298702520283291e-01 1.018138354746166430e+00 8.558644519139042561e-01
9.146852390742202799e-01 8.516517901628363196e-01 8.589576029761257780e-01 9.674637478799287260e-01 8.959391366368827381e-01 1.025733257499573670e+00 1.062588830304874499e+00 9.268922760366163915e-01 9.296410713543450388e-01 9.881146519597867606e-01 9.643268542040681623e-01 1.023920433410213437e+00 1.044464861023910895e+00 1.029427683511390912e+00 1.036220727125268137e+00 1.044300843488032982e+00 9.713761233993666311e-01 1.051645982418535130e+00 1.013846547664591702e+00 1.013172277045429892e+00 9.902537411821626945e-01 1.006375662593833820e+00 9.855151293337924834e-01 1.021760820761453914e+00 1.061968592113720522e+00 1.084340517612471855e+00 1.016379273478140721e+00 1.048135109972371914e+00 1.007827551800526633e+00 1.002556622892477378e+00 9.931850926868511786e-01 1.028654683165447281e+00 9.959049052493591514e-01 9.572674388192344841e-01 9.475890334582603991e-01 9.894362028700318668e-01 1.001627220452423916e+00 1.022577220605563664e+00 1.000765435433582651e+00 9.931141418469476845e-01 8.827320275336675293e-01
9.294206264883143609e-01 9.854074417647317174e-01 9.724666208388512700e-01 9.755648834379692103e-01 1.001883641480054488e+00 9.103899503388120928e-01 9.449192818596742205e-01 9.501567947868576614e-01 9.353274986013258019e-01 1.004039268885363878e+00 9.655660860317895056e-01 1.021208595442511635e+00 1.039023388944667392e+00 1.046293096426770708e+00 9.809207749706646551e-01 1.041138612793387708e+00 1.052896432202154120e+00 9.980566142209368330e-01 1.007894638983111157e+00 1.010712187108687266e+00 1.062493603046843260e+00 1.043164841899827833e+00 1.004395447641419192e+00 1.023143359962590759e+00 1.033553687158033974e+00 1.016379273478140721e+00 1.030958671398771731e+00 1.077650777207520782e+00 1.033575622507582281e+00 1.075333380088890234e+00 1.000823205380952041e+00 1.059831713447814572e+00 1.093428264772675629e+00 9.366154854441361977e-01 1.002411239689618982e+00 1.069276313027586189e+00 9.869649986903350491e-01 1.030504211558545657e+00 1.017674394742127841e+00 9.869350490314299229e-01 9.209042164029023203e-01
9.391633200006317406e-01 9.455843324452649634e-01 9.066415959184668250e-01 9.251834500764074543e-01 9.590581404799997101e-01 9.318354623545546112e-01 9.517396609670882857e-01 1.053135190024760970e+00 1.011771324708411024e+00 9.461025433705092524e-01 9.881960398233968768e-01 1.026972822182586453e+00 1.025169835721442047e+00 1.037784535348247328e+00 9.653107766312168936e-01 9.893854163404510738e-01 9.477863110128428303e-01 1.001628376428998601e+00 1.009617974022822384e+00 9.949489821645328691e-01 1.005659533562307084e+00 9.913463082948160698e-01 1.045603964818828002e+00 9.715703162042667040e-01 9.971492573731671749e-01 1.048135109972371914e+00 1.077650777207520782e+00 9.462875606513347915e-01 1.004450152418084885e+00 1.001316645191812515e+00 1.025645365749239257e+00 1.068368069817630550e+00 9.543451404920575420e-01 1.025968395829208069e+00 9.702070006131577884e-01 9.991894072405538285e-01 9.836591140322321625e-01 9.542969425404030925e-01 9.458212829168899383e-01 9.829771690706111675e-01 9.612391417355266032e-01
9.391577905248417180e-01 9.444767966305978035e-01 8.475218659511305486e-01 9.449640079466730125e-01 9.130011148249113084e-01 9.490546134510935428e-01 1.045956879625736136e+00 9.678332319527027661e-01 9.606609453458979653e-01 9.681355276757532824e-01 9.597274192491417333e-01 9.617216180369471124e-01 1.034915002888822100e+00 1.056681871008273044e+00 1.055130154165819123e+00 1.011166484126497123e+00 1.013425302676858486e+00 1.018377639033372972e+00 1.021438377799126496e+00 1.002811223072825220e+00 1.003890987703377480e+00 9.754536663476179870e-01 9.871691669805967573e-01 1.049211374699589694e+00 9.776652262869501842e-01 1.007827551800526633e+00 1.033575622507582281e+00 1.004450152418084885e+00 1.033276151125131603e+00 1.031448293296262753e+00 1.038368482477973753e+00 1.033668380670055065e+00 9.925651178048754408e-01 1.001541782121717405e+00 1.040539513505779778e+00 9.994711465143313323e-01 9.935746382715775482e-01 1.020331689282194532e+00 9.273652042915734306e-01 1.009707603196637882e+00 9.293472729531487841e-01
9.190457563601128754e-01 1.003698396282885819e+00 9.002856770477414283e-01 8.983256742828451547e-01 9.853546706842584157e-01 8.814136504710481379e-01 9.834313945419188574e-01 9.127935793121975117e-01 1.010147335439491867e+00 9.633632072132729540e-01 1.041717982237216233e+00 9.869614432852863439e-01 9.806336210048990365e-01 9.615543547638005784e-01 1.033785991729472942e+00 1.018766114535374356e+00 1.029643295812942005e+00 9.704668293834709525e-01 1.035081448650878366e+00 1.017963011866653611e+00 1.029585826662628767e+00 1.018099815100944827e+00 9.624372736350257362e-01 1.023904497773583833e+00 9.989078953809168437e-01 1.002556622892477378e+00 1.075333380088890234e+00 1.001316645191812515e+00 1.031448293296262753e+00 1.011087161682308722e+00 9.771830311662063062e-01 1.021755001125722595e+00 1.034047378517778615e+00 1.012545091075446546e+00 9.937401216344691202e-01 1.035862228699278242e+00 1.033357353258938405e+00 9.426264966856302552e-01 9.712444155608495056e-01 9.622700899381596562e-01 9.317964340704190107e-01
8.460934142117411128e-01 1.014625563587225443e+00 9.720070200126620374e-01 9.584763901696886634e-01 9.165339332597687294e-01 8.411595510812475140e-01 9.294385961682420927e-01 8.926282331823907068e-01 9.630796584873594357e-01 1.043827604305450407e+00 9.107973708890260145e-01 9.684267614085684261e-01 1.019081256371440647e+00 9.780681287805684798e-01 1.055215853416853644e+00 1.017654075621061693e+00 9.889277514482606168e-01 1.008365729818569756e+00 1.048746633502816605e+00 1.018165155588587334e+00 9.358071268232106554e-01 1.009843197980445417e+00 9.655626739695098992e-01 1.023063077547260891e+00 1.018023370252881810e+00 9.931850926868511786e-01 1.000823205380952041e+00 1.025645365749239257e+00 1.038368482477973753e+00 9.771830311662063062e-01 9.508982916005109809e-01 9.160333358858714359e-01 1.069468519505673232e+00 1.030338352688763948e+00 1.042253760225399395e+00 1.031068259666938713e+00 1.030422281471240042e+00 1.029344596369213827e+00 9.689338587395857072e-01 1.034639305589042602e+00 9.039680423129109466e-01
9.288841534550671408e-01 9.461188192458245272e-01 8.966213153900474131e-01 8.270036378009062439e-01 9.163528309639561442e-01 8.622180159775892916e-01 9.619485730838178705e-01 9.497340661857410771e-01 9.712228456409728317e-01 1.031679440902639966e+00 9.077259756255784406e-01 9.703298444555826796e-01 9.916951018847718347e-01 1.046788338640831206e+00 1.087681635760398446e+00 1.032703560428881007e+00 1.089853976590773543e+00 1.026257442000818143e+00 1.003060129507786336e+00 9.381077793326890735e-01 9.652487215080925997e-01 1.036095737475094980e+00 9.438174940248754696e-01 9.548949852450889786e-01 9.785045218090577812e-01 1.028654683165447281e+00 1.059831713447814572e+00 1.068368069817630550e+00 1.033668380670055065e+00 1.021755001125722595e+00 9.160333358858714359e-01 1.024057870507006696e+00 1.051896866229258265e+00 1.074667394794794451e+00 1.008990921239767857e+00 9.678833940981429462e-01 1.014528839965519236e+00 1.031189961348955464e+00 9.247622028001758476e-01 8.911728582870208637e-01 9.829830574453588543e-01
8.798605917698711920e-01 9.927794229119837333e-01 9.909699647435525893e-01 9.000420972113754026e-01 9.443460629488972247e-01 8.596849093231612171e-01 9.824355641359274749e-01 9.546927784010746931e-01 1.010811745795271888e+00 9.813457893361557938e-01 9.523726419067236604e-01 1.005399354516347321e+00 1.025653602549652987e+00 9.750591074261191205e-01 1.029850469354037568e+00 9.571062880102159109e-01 1.051869501941498530e+00 1.008072630679714310e+00 1.019818385751194434e+00 9.402226171890737394e-01 9.709876196681326288e-01 9.876234649124403520e-01 1.003403623282252077e+00 1.009039268971560821e+00 1.003044558541018816e+00 9.959049052493591514e-01 1.093428264772675629e+00 9.543451404920575420e-01 9.925651178048754408e-01 1.034047378517778615e+00 1.069468519505673232e+00 1.051896866229258265e+00 1.091174369775844477e+00 1.094444038250801610e+00 9.920269351978974193e-01 1.054075127732414963e+00 1.016328125589117226e+00 9.951351704223119210e-01 9.784063627464857360e-01 9.975912260708251766e-01 9.914815017210414361e-01
9.372140011745329069e-01 8.929286795777282570e-01 9.753473253083217998e-01 8.920388665658526284e-01 9.113867755031387352e-01 8.430319107748261986e-01 9.148155867730106694e-01 9.738058371821272097e-01 9.482199730711775576e-01 8.885330909866607785e-01 9.721970263256878297e-01 9.340146312141455187e-01 1.031024007123914288e+00 9.843845004661742060e-01 9.418093331909895838e-01 9.563863501158734737e-01 1.074899716070255584e+00 9.459289534399779598e-01 9.639282592641044145e-01 9.058230379826700540e-01 9.446756939891509663e-01 1.007649577113286954e+00 9.471737350729599880e-01 1.000883423099818481e+00 1.055753232940088271e+00 9.572674388192344841e-01 9.366154854441361977e-01 1.025968395829208069e+00 1.001541782121717405e+00 1.012545091075446546e+00 1.030338352688763948e+00 1.074667394794794451e+00 1.094444038250801610e+00 1.102939832485700711e+00 1.089577861238235190e+00 1.018988880881295689e+00 1.015478506045094376e+00 1.010083751785305406e+00 9.643393070276095047e-01 1.045193306650987752e+00 9.614216620981297368e-01
9.297802008114366412e-01 8.934796056378486728e-01 8.802286350283760052e-01 9.397439089948572688e-01 9.238188293100406678e-01 8.748529980230023151e-01 8.934179862055799948e-01 9.019456467572055658e-01 8.789422527673018681e-01 9.599107936704655009e-01 9.427951151801463592e-01 9.747915213144915381e-01 9.325085772943345619e-01 1.015955303004203447e+00 9.639027011290693947e-01 1.099851012422616181e+00 9.612933760463776567e-01 9.504617405540914943e-01 9.746641662653150462e-01 1.034657470145037728e+00 9.665042745579025540e-01 1.096326299984748509e+00 9.689763356862739485e-01 9.484881761550357782e-01 1.001939291465903992e+00 9.475890334582603991e-01 1.002411239689618982e+00 9.702070006131577884e-01 1.040539513505779778e+00 9.937401216344691202e-01 1.042253760225399395e+00 1.008990921239767857e+00 9.920269351978974193e-01 1.089577861238235190e+00 9.444761281094077310e-01 1.043164823282820786e+00 1.042094671375703774e+00 1.012946098415825835e+00 1.003882868158292974e+00 9.970495627000178773e-01 9.849534858769845025e-01
8.335614216106960184e-01 9.138905801628287584e-01 7.993014927603007136e-01 9.656608730085937120e-01 9.237657241195137425e-01 8.781764747433870033e-01 9.500192934192560612e-01 9.249694728062269888e-01 9.533916972697777936e-01 9.369893388984356086e-01 9.672813177613689417e-01 9.835179410383279031e-01 9.933884312281305862e-01 8.912725088816164654e-01 1.107308866615373644e+00 9.297168394796637703e-01 9.959152386797429646e-01 9.640587328146692503e-01 1.018664589801041132e+00 9.605803247441183634e-01 9.446430530292174721e-01 9.574857409194992286e-01 9.025190405526326565e-01 9.343545940464271782e-01 9.842269084783739075e-01 9.894362028700318668e-01 1.069276313027586189e+00 9.991894072405538285e-01 9.994711465143313323e-01 1.035862228699278242e+00 1.031068259666938713e+00 9.678833940981429462e-01 1.054075127732414963e+00 1.018988880881295689e+00 1.043164823282820786e+00 1.059336250148666503e+00 1.042252103950491282e+00 1.036400808737129253e+00 9.794593610224282543e-01 1.053035661828091829e+00 1.011044106305549972e+00
9.264026982751639716e-01 9.309931253606524848e-01 8.682429784216091351e-01 9.167323756497279819e-01 8.729065186816024058e-01 9.617761847918552265e-01 9.099593641755809870e-01 9.866752093019244274e-01 9.223563654242359355e-01 9.938675929351087346e-01 9.705598891482948298e-01 9.853536916839532589e-01 9.956157292510228185e-01 9.204178395581048555e-01 1.031728734705244621e+00 9.119753075203478332e-01 9.432634950099015869e-01 1.009318251887639128e+00 1.000726992088345924e+00 1.040902160627518835e+00 9.637606003565836188e-01 9.744551246743220485e-01 9.487764253838244510e-01 1.094689975392601600e+00 1.031648979013662037e+00 1.001627220452423916e+00 9.869649986903350491e-01 9.836591140322321625e-01 9.935746382715775482e-01 1.033357353258938405e+00 1.030422281471240042e+00 1.014528839965519236e+00 1.016328125589117226e+00 1.015478506045094376e+00 1.042094671375703774e+00 1.042252103950491282e+00 1.005926128617533832e+00 1.101637739910262592e+00 1.026217954258346277e+00 1.008778423157542958e+00 9.773907688987386599e-01
8.717968460967364663e-01 8.511062427345515990e-01 9.379457448539485487e-01 8.502947392312619757e-01 8.799870417522608346e-01 8.357802265069567138e-01 9.471347140168204781e-01 8.660915320165764042e-01 8.655610409367425762e-01 8.418103962314849031e-01 9.181332999310706233e-01 8.932486897672332615e-01 9.600847898202368169e-01 9.390311247088632962e-01 9.358181396347636793e-01 9.775891108295201581e-01 8.783977089285663897e-01 1.027700676295778104e+00 9.124809747175002261e-01 9.809390443365098022e-01 9.112114623419029780e-01 1.024529952209277894e+00 9.772207255772195067e-01 9.007722246150264844e-01 9.741573056584441614e-01 1.022577220605563664e+00 1.030504211558545657e+00 9.542969425404030925e-01 1.020331689282194532e+00 9.426264966856302552e-01 1.029344596369213827e+00 1.031189961348955464e+00 9.951351704223119210e-01 1.010083751785305406e+00 1.012946098415825835e+00 1.036400808737129253e+00 1.101637739910262592e+00 9.512424915341683995e-01 1.070594072341742864e+00 1.054178954811819224e+00 1.063472365126642005e+00
8.085860624167503508e-01 9.038030889371306831e-01 8.829286206243759372e-01 8.987755031165242103e-01 8.696014664557013552e-01 8.605923561234913866e-01 8.907269141363867160e-01 8.161571176232897962e-01 8.835784627880305386e-01 8.767950635418904071e-01 9.234845386637163811e-01 9.748306468421270576e-01 1.014355516861359385e+00 9.482393022882292799e-01 9.555411538169007457e-01 9.134648550223931629e-01 9.546535985514652545e-01 9.519096565693527801e-01 9.917253871981718261e-01 9.135567976133799339e-01 9.355973392402591182e-01 9.438684017370336798e-01 9.079152699401151771e-01 9.622822455250393814e-01 8.614298702520283291e-01 1.000765435433582651e+00 1.017674394742127841e+00 9.458212829168899383e-01 9.273652042915734306e-01 9.712444155608495056e-01 9.689338587395857072e-01 9.247622028001758476e-01 9.784063627464857360e-01 9.643393070276095047e-01 1.003882868158292974e+00 9.794593610224282543e-01 1.026217954258346277e+00 1.070594072341742864e+00 1.013426906887884282e+00 1.007882427076246978e+00 9.491626014633859354e-01
