9.922943189375249551e-01 1.001056242246782579e+00 1.018629556087732757e+00 1.026901912620342028e+00 1.055733052363154734e+00 1.079047920246212655e+00 1.107132559701176522e+00 1.171810322106042745e+00 1.256497512790506477e+00 1.315779944892380371e+00 1.101407431240745360e+00 9.433771973301309233e-01 8.691172383157277359e-01 8.765606378350425665e-01 8.845246238839700181e-01 8.992590013567737239e-01 9.232272724644866591e-01 9.200663286044999944e-01 9.469760806776728046e-01 9.839210791504440223e-01 9.934676893038626444e-01
1.001056242246782579e+00 9.984327334361638995e-01 1.013046435242990428e+00 1.022514995449760988e+00 1.043538865939872329e+00 1.058377652975938554e+00 1.080834576571888084e+00 1.145040690491114121e+00 1.230650547142341011e+00 1.283317754955143331e+00 1.071559418824156173e+00 9.136709840449079856e-01 8.446595566917063369e-01 8.480390021858469352e-01 8.655197709021236196e-01 8.825706157142237940e-01 9.010800569853134601e-01 8.990978042679748095e-01 9.279748600825526994e-01 9.634424718448904024e-01 9.836139323728515516e-01
1.018629556087732757e+00 1.013046435242990428e+00 1.003834718576458673e+00 1.004959444083866504e+00 1.014923966688452195e+00 1.027684539932051555e+00 1.052609459415510207e+00 1.117229725401655660e+00 1.193823771658433675e+00 1.251907036472511114e+00 1.036529617058538078e+00 8.815088899777742126e-01 8.075148129960535437e-01 8.177120225391969477e-01 8.348180337125570283e-01 8.593221573631376620e-01 8.722685549802856597e-01 8.876483695301828902e-01 9.015292277601126836e-01 9.453312088202932006e-01 9.608700606767128782e-01
1.026901912620342028e+00 1.022514995449760988e+00 1.004959444083866504e+00 9.874475268602646016e-01 9.945289664085527059e-01 1.011345211902755503e+00 1.033373276881692115e+00 1.084465386486263005e+00 1.157715990009784868e+00 1.207795139662687811e+00 1.007774842012397754e+00 8.501498791777587494e-01 7.798823973829194234e-01 7.903437158277800689e-01 8.161415246744945229e-01 8.312950718016542950e-01 8.436131584829617003e-01 8.507451955997379356e-01 8.761949749663455744e-01 9.098044477582805101e-01 9.352428358799920183e-01
1.055733052363154734e+00 1.043538865939872329e+00 1.014923966688452195e+00 9.945289664085527059e-01 9.919775883572927722e-01 1.006403383974337817e+00 1.021857491070368162e+00 1.073580082780355660e+00 1.143463153275785293e+00 1.193490838845434610e+00 9.783906046697055103e-01 8.279694587052411903e-01 7.592599041108240021e-01 7.702469519021732935e-01 7.888390716357277510e-01 8.151880726865998739e-01 8.337283145484949420e-01 8.402605313365454354e-01 8.649606170256634030e-01 9.020014563352735104e-01 9.192708131023483720e-01
1.079047920246212655e+00 1.058377652975938554e+00 1.027684539932051555e+00 1.011345211902755503e+00 1.006403383974337817e+00 9.992903241013144644e-01 1.013456888050362048e+00 1.056178053015063067e+00 1.128193819036992229e+00 1.171681833530383576e+00 9.561008887101241083e-01 8.140292671401324620e-01 7.422696901473163633e-01 7.592341220715933536e-01 7.786096818779560946e-01 8.067417653560601254e-01 8.241158031502461290e-01 8.355409544769593078e-01 8.657286808947001200e-01 9.028655188215906069e-01 9.216193043967934040e-01
1.107132559701176522e+00 1.080834576571888084e+00 1.052609459415510207e+00 1.033373276881692115e+00 1.021857491070368162e+00 1.013456888050362048e+00 1.012311286541804245e+00 1.021163192547498655e+00 1.084700820445243297e+00 1.121276002862524379e+00 9.151298258200402103e-01 7.792475671535705750e-01 7.055120224940371054e-01 7.206916203641454688e-01 7.449160322332749606e-01 7.687302238453339598e-01 7.950636984849963618e-01 8.075198120749962349e-01 8.290075489728068181e-01 8.640851011793431180e-01 8.920560627077339655e-01
1.171810322106042745e+00 1.145040690491114121e+00 1.117229725401655660e+00 1.084465386486263005e+00 1.073580082780355660e+00 1.056178053015063067e+00 1.021163192547498655e+00 1.012720389288666478e+00 1.046830929181121084e+00 1.080485548105349691e+00 8.834264078997815517e-01 7.548437199681418130e-01 6.746312110112600013e-01 6.915241132592588880e-01 7.226711105099870025e-01 7.495724609777064673e-01 7.740993360870407347e-01 7.857336094553402095e-01 8.168942554109832610e-01 8.604653437840460439e-01 8.864530163260435636e-01
1.256497512790506477e+00 1.230650547142341011e+00 1.193823771658433675e+00 1.157715990009784868e+00 1.143463153275785293e+00 1.128193819036992229e+00 1.084700820445243297e+00 1.046830929181121084e+00 1.016129203300159212e+00 9.973563889785723724e-01 8.398060849611242995e-01 7.380576976337483996e-01 6.581657947241758011e-01 6.770394495370992693e-01 7.110606630910725201e-01 7.408250490190534387e-01 7.719349033400229043e-01 7.858314439554308084e-01 8.136603380924798401e-01 8.594700758854928457e-01 8.941397131224336770e-01
1.315779944892380371e+00 1.283317754955143331e+00 1.251907036472511114e+00 1.207795139662687811e+00 1.193490838845434610e+00 1.171681833530383576e+00 1.121276002862524379e+00 1.080485548105349691e+00 9.973563889785723724e-01 1.005982565995549916e+00 9.420578019321519392e-01 8.423836450438723089e-01 7.398740231103564380e-01 7.513966260093518645e-01 7.867071021393843289e-01 8.236537844419659082e-01 8.499969739498746124e-01 8.673064880207915772e-01 8.944444321917243146e-01 9.431002343908945207e-01 9.656661932960881600e-01
1.101407431240745360e+00 1.071559418824156173e+00 1.036529617058538078e+00 1.007774842012397754e+00 9.783906046697055103e-01 9.561008887101241083e-01 9.151298258200402103e-01 8.834264078997815517e-01 8.398060849611242995e-01 9.420578019321519392e-01 9.902501166369631624e-01 9.479002376271947750e-01 8.442666123171308490e-01 8.731227470384388401e-01 9.202248727199277001e-01 9.704166030182234115e-01 1.003005947929135777e+00 1.017573300985842311e+00 1.046943814221478419e+00 1.092048971626304210e+00 1.133253805631048161e+00
9.433771973301309233e-01 9.136709840449079856e-01 8.815088899777742126e-01 8.501498791777587494e-01 8.279694587052411903e-01 8.140292671401324620e-01 7.792475671535705750e-01 7.548437199681418130e-01 7.380576976337483996e-01 8.423836450438723089e-01 9.479002376271947750e-01 9.955765024977296651e-01 9.858411981692188908e-01 1.060236931619839451e+00 1.131305086531759985e+00 1.182963197797697541e+00 1.215205501739742067e+00 1.220024497416841047e+00 1.254935913211844944e+00 1.307407504075064120e+00 1.321728117224226562e+00
8.691172383157277359e-01 8.446595566917063369e-01 8.075148129960535437e-01 7.798823973829194234e-01 7.592599041108240021e-01 7.422696901473163633e-01 7.055120224940371054e-01 6.746312110112600013e-01 6.581657947241758011e-01 7.398740231103564380e-01 8.442666123171308490e-01 9.858411981692188908e-01 1.005837899352709508e+00 1.030983386068971663e+00 1.085002336519158117e+00 1.124974013327481925e+00 1.152837352334690868e+00 1.154235309072676685e+00 1.197454711826934526e+00 1.241273954959027925e+00 1.257976826188785147e+00
8.765606378350425665e-01 8.480390021858469352e-01 8.177120225391969477e-01 7.903437158277800689e-01 7.702469519021732935e-01 7.592341220715933536e-01 7.206916203641454688e-01 6.915241132592588880e-01 6.770394495370992693e-01 7.513966260093518645e-01 8.731227470384388401e-01 1.060236931619839451e+00 1.030983386068971663e+00 9.978760980294514304e-01 1.023920511036880532e+00 1.051427456972591656e+00 1.066324982436396063e+00 1.077702589884376394e+00 1.111351204221057598e+00 1.149145744698826244e+00 1.157972577630864919e+00
8.845246238839700181e-01 8.655197709021236196e-01 8.348180337125570283e-01 8.161415246744945229e-01 7.888390716357277510e-01 7.786096818779560946e-01 7.449160322332749606e-01 7.226711105099870025e-01 7.110606630910725201e-01 7.867071021393843289e-01 9.202248727199277001e-01 1.131305086531759985e+00 1.085002336519158117e+00 1.023920511036880532e+00 1.008920599207349778e+00 1.005049318344710008e+00 1.026670185420061943e+00 1.036119562442131325e+00 1.065252344875737833e+00 1.098704507356539573e+00 1.116806285185861558e+00
8.992590013567737239e-01 8.825706157142237940e-01 8.593221573631376620e-01 8.312950718016542950e-01 8.151880726865998739e-01 8.067417653560601254e-01 7.687302238453339598e-01 7.495724609777064673e-01 7.408250490190534387e-01 8.236537844419659082e-01 9.704166030182234115e-01 1.182963197797697541e+00 1.124974013327481925e+00 1.051427456972591656e+00 1.005049318344710008e+00 9.988312804860262073e-01 1.010289174854336558e+00 1.012538676162338946e+00 1.038034661153836913e+00 1.071383249998834053e+00 1.084340475321935449e+00
9.232272724644866591e-01 9.010800569853134601e-01 8.722685549802856597e-01 8.436131584829617003e-01 8.337283145484949420e-01 8.241158031502461290e-01 7.950636984849963618e-01 7.740993360870407347e-01 7.719349033400229043e-01 8.499969739498746124e-01 1.003005947929135777e+00 1.215205501739742067e+00 1.152837352334690868e+00 1.066324982436396063e+00 1.026670185420061943e+00 1.010289174854336558e+00 1.006620212955334326e+00 1.008642800202274037e+00 1.019152056073931334e+00 1.051137250831752690e+00 1.066134022051034469e+00
9.200663286044999944e-01 8.990978042679748095e-01 8.876483695301828902e-01 8.507451955997379356e-01 8.402605313365454354e-01 8.355409544769593078e-01 8.075198120749962349e-01 7.857336094553402095e-01 7.858314439554308084e-01 8.673064880207915772e-01 1.017573300985842311e+00 1.220024497416841047e+00 1.154235309072676685e+00 1.077702589884376394e+00 1.036119562442131325e+00 1.012538676162338946e+00 1.008642800202274037e+00 9.965012967605167971e-01 1.017533567140138651e+00 1.044437065013521071e+00 1.058560054401891382e+00
9.469760806776728046e-01 9.279748600825526994e-01 9.015292277601126836e-01 8.761949749663455744e-01 8.649606170256634030e-01 8.657286808947001200e-01 8.290075489728068181e-01 8.168942554109832610e-01 8.136603380924798401e-01 8.944444321917243146e-01 1.046943814221478419e+00 1.254935913211844944e+00 1.197454711826934526e+00 1.111351204221057598e+00 1.065252344875737833e+00 1.038034661153836913e+00 1.019152056073931334e+00 1.017533567140138651e+00 9.895307037176745979e-01 1.022769989190711160e+00 1.023124913217672516e+00
9.839210791504440223e-01 9.634424718448904024e-01 9.453312088202932006e-01 9.098044477582805101e-01 9.020014563352735104e-01 9.028655188215906069e-01 8.640851011793431180e-01 8.604653437840460439e-01 8.594700758854928457e-01 9.431002343908945207e-01 1.092048971626304210e+00 1.307407504075064120e+00 1.241273954959027925e+00 1.149145744698826244e+00 1.098704507356539573e+00 1.071383249998834053e+00 1.051137250831752690e+00 1.044437065013521071e+00 1.022769989190711160e+00 1.024860651938228173e+00 1.003873753573559569e+00
9.934676893038626444e-01 9.836139323728515516e-01 9.608700606767128782e-01 9.352428358799920183e-01 9.192708131023483720e-01 9.216193043967934040e-01 8.920560627077339655e-01 8.864530163260435636e-01 8.941397131224336770e-01 9.656661932960881600e-01 1.133253805631048161e+00 1.321728117224226562e+00 1.257976826188785147e+00 1.157972577630864919e+00 1.116806285185861558e+00 1.084340475321935449e+00 1.066134022051034469e+00 1.058560054401891382e+00 1.023124913217672516e+00 1.003873753573559569e+00 1.010646587249431461e+00
