9.925876860145221858e-01 9.881106192202828709e-01 9.844889791028611503e-01 9.897978146852443038e-01 9.975447465561573246e-01 9.927289735108233426e-01 9.973641623769888831e-01 1.004023078471880881e+00 1.017961479433863836e+00 1.014139284019301090e+00 1.003424350494142026e+00 1.032290085073035657e+00 1.026232766168342136e+00 1.045257406775222719e+00 1.026490986947752315e+00 1.046838728979469613e+00 1.059825688571148117e+00 1.066892642584435835e+00 1.060724321925845537e+00 1.084945499787264733e+00 1.056950886395651601e+00 1.083576861923083223e+00 1.086054820280828226e+00 1.093167644503696856e+00 1.075494621485819646e+00 1.129913008922222240e+00 1.144607803087993814e+00 1.155392395698533470e+00 1.155792108713384669e+00 1.187634886614767904e+00 1.220216249358639482e+00 1.216414165081818100e+00 1.264890580512019413e+00 1.294605344859349305e+00 1.355808304974573053e+00 1.344179263226401577e+00 1.304165790028511740e+00 1.247731389971240112e+00 1.173007085551032391e+00 1.136816769821221929e+00 1.109120602255824872e+00 1.040507921886492992e+00 9.659732361513568843e-01 9.463335401035876115e-01 9.426973815519210653e-01 9.321282726517186035e-01 8.819360549146000317e-01 8.741580983997805365e-01 8.541459351943334610e-01 8.856768747706965650e-01 8.307395658149417939e-01 8.660263382299161483e-01 8.702309559759883184e-01 8.648983176102037485e-01 9.041358831162782383e-01 8.828677911640903098e-01 8.708390063928902469e-01 8.956135353915384290e-01 9.112150929485969275e-01 8.913154644464360565e-01 8.772226591352526581e-01 8.926396269398437777e-01 8.942103181268259426e-01 9.061131229074306237e-01 9.044938944343844378e-01 9.227956501464599226e-01 9.172094663915536517e-01 9.297371627247826842e-01 8.947045393817769643e-01 8.891499849888545581e-01 9.540978448824516400e-01 9.236644852825766083e-01 9.628083495756598609e-01 9.212336763317425792e-01 8.878124266487231742e-01 9.211561834913490898e-01 9.946004508754586748e-01 9.542950489449167906e-01 9.336089844192546616e-01 9.744081482591365750e-01 9.636686031923966667e-01
9.881106192202828709e-01 9.858391771444038332e-01 9.743970234281942311e-01 9.966857510070347148e-01 1.008497342215654902e+00 1.004269193025209450e+00 1.017760112955036433e+00 1.006486302470301242e+00 1.021096946181604181e+00 1.020462955503109725e+00 1.031415584647119132e+00 1.037244752817428228e+00 1.023126977228261403e+00 1.055373255011412104e+00 1.058250924690130379e+00 1.066197272164827181e+00 1.068743277323882745e+00 1.069611239481320641e+00 1.068225168116972990e+00 1.104732540163041454e+00 1.091677522955715185e+00 1.079760991191087482e+00 1.089201046803262907e+00 1.093861054603777028e+00 1.115167156507279156e+00 1.127722802531357260e+00 1.142430459795085618e+00 1.159126027845346352e+00 1.176464398054982707e+00 1.180023293906115489e+00 1.197230776022850884e+00 1.218029778801709373e+00 1.283777348005209706e+00 1.305286382361885433e+00 1.310791150668647598e+00 1.334247497398737270e+00 1.325507798540783710e+00 1.248998210759302951e+00 1.160179275829282153e+00 1.140279927052610276e+00 1.067169504888640708e+00 1.020447339850165669e+00 9.828357552575330836e-01 9.483906871052270038e-01 9.230963150547150109e-01 8.946565601125864298e-01 8.906780320153452335e-01 8.516094021311642059e-01 8.841250167533651894e-01 8.390119075795516856e-01 8.586007080584652229e-01 8.596817619731598192e-01 8.628483628756105084e-01 8.700166666004750526e-01 8.913979889437494419e-01 8.759700797407862227e-01 8.911097032655820316e-01 8.845616730714964682e-01 8.915697744251284140e-01 8.932959142462765234e-01 9.193348087566124427e-01 8.699540614540163252e-01 9.056389225886358751e-01 9.088594426963045869e-01 9.005918205730381043e-01 9.433843784710241875e-01 9.198180906030667403e-01 9.218262878476106703e-01 8.810358975062723141e-01 9.180177794524498891e-01 9.295438254256058741e-01 9.228870312901361617e-01 9.353842712172638629e-01 8.956180384953852380e-01 8.787842229591711352e-01 9.173704457941666002e-01 9.481556818471684744e-01 9.911896826373169933e-01 9.574426144164764896e-01 9.816326656589361432e-01 9.943290246015217271e-01
9.844889791028611503e-01 9.743970234281942311e-01 9.990019110552994519e-01 9.915275291240934763e-01 1.011662088842089080e+00 1.006004471630376651e+00 1.020318702806167099e+00 1.010508485526358857e+00 1.018498393398609370e+00 1.020554776183351331e+00 1.022150270011810580e+00 1.036823387417279640e+00 1.036131727631572019e+00 1.042274260799020302e+00 1.060885996999267444e+00 1.047236101041946643e+00 1.062058860985936048e+00 1.064769461925308303e+00 1.051241760445515316e+00 1.079211175128964584e+00 1.076838394495537310e+00 1.084785445886177424e+00 1.096826844195059270e+00 1.097685547162340125e+00 1.100941730971982002e+00 1.130775744335897226e+00 1.167275676380745253e+00 1.172766430447933939e+00 1.154664385523189063e+00 1.208189370050091638e+00 1.201575547738757077e+00 1.230291792571448495e+00 1.258191148869408194e+00 1.298478589817942286e+00 1.335613067597892112e+00 1.360753267121072696e+00 1.292627634288449734e+00 1.226686755642522497e+00 1.176061053977202508e+00 1.100139321272339155e+00 1.048319945053134639e+00 1.020676504820678732e+00 9.891706944778101418e-01 9.409736069012960558e-01 9.244705323901731830e-01 9.001213674361765449e-01 8.618873008597420782e-01 8.540398962697116625e-01 8.516903106040220051e-01 8.456543919631783757e-01 8.378381996187826974e-01 8.533901383943067742e-01 8.544196770458015733e-01 8.503397273852689731e-01 8.502880318389266501e-01 8.888566793523523524e-01 8.667495663740825140e-01 8.813438090031803229e-01 8.732727214183654274e-01 8.924648497480971443e-01 8.725021198302279624e-01 9.353619750010727651e-01 8.971382052073406665e-01 9.001027704522366335e-01 9.266331523759387956e-01 9.321277911124689064e-01 8.972417696201759885e-01 9.165613309221030125e-01 9.268860758224545249e-01 8.816277368517361213e-01 9.176298090028046639e-01 9.032687019007924478e-01 9.183030591671016429e-01 9.130646825462384042e-01 8.965995545086643537e-01 9.215990985067680219e-01 9.192638004021744802e-01 9.741455727775295559e-01 8.954924704662530210e-01 9.638897714396892358e-01 9.644862106388402134e-01
9.897978146852443038e-01 9.966857510070347148e-01 9.915275291240934763e-01 1.036359053948093134e+00 9.972484254974322004e-01 1.010794441570653346e+00 1.012832174009687947e+00 1.003478264201596026e+00 1.016839007956975127e+00 1.013803008031291863e+00 1.014007097545273517e+00 1.025096770071024066e+00 1.029867057296598443e+00 1.036773942009943772e+00 1.052300551725980027e+00 1.050947543037457077e+00 1.057372953046910924e+00 1.054450444074272797e+00 1.065977438753685780e+00 1.075439344666499819e+00 1.077854448157065770e+00 1.088544834073589929e+00 1.091764359884517477e+00 1.083105836744034045e+00 1.112290070248868057e+00 1.115213852534521877e+00 1.145585405379819122e+00 1.178021247898569879e+00 1.146551044022684485e+00 1.181293540997991220e+00 1.205414611057861851e+00 1.228131243390876870e+00 1.251073518486639502e+00 1.292307012437141411e+00 1.316513546607243068e+00 1.309335479614738063e+00 1.281871172543228354e+00 1.241302039436242621e+00 1.160421181996174056e+00 1.120137652245388526e+00 1.057661560816544055e+00 9.873952501218461464e-01 9.582335952433009840e-01 9.477514865382240528e-01 8.969732985098114453e-01 8.996482330433113184e-01 8.672247668942867360e-01 8.471902902512907785e-01 8.492568735591066176e-01 8.400596942546011414e-01 8.586116713297696768e-01 8.436246405363638790e-01 8.598297165698263189e-01 8.666466378868654674e-01 8.530686659548687434e-01 8.662314930799566159e-01 8.982138194175184331e-01 8.820906688417240460e-01 8.914726819732159413e-01 8.942243853182650914e-01 9.245676183433845230e-01 8.609332077919640280e-01 8.985273022649514774e-01 8.979874637289392281e-01 8.969360177318322913e-01 9.231116930045285551e-01 8.720440938908318174e-01 8.766846840330435597e-01 8.947839039012541740e-01 8.923339366070019985e-01 9.157687940539215310e-01 9.156200870039608031e-01 8.989034053715800887e-01 8.677406546888648542e-01 9.075057455309317733e-01 9.423063522960009042e-01 9.369361416225933104e-01 9.499417090988372392e-01 9.618464717922016183e-01 9.798442981788918482e-01 1.005525740389021649e+00
9.975447465561573246e-01 1.008497342215654902e+00 1.011662088842089080e+00 9.972484254974322004e-01 1.014019616262039181e+00 1.007208261497836599e+00 1.015421645574764220e+00 9.998450637972735588e-01 1.019276517434987817e+00 1.008324429573094649e+00 1.009656459488779801e+00 1.015482767973944211e+00 1.025893242838181729e+00 1.048892503119367436e+00 1.036151213211880195e+00 1.043557830346004023e+00 1.042421624393441659e+00 1.053614155498819205e+00 1.067269945259504915e+00 1.064576441018636910e+00 1.060901655964838541e+00 1.071903455555349494e+00 1.077774069973865823e+00 1.086491656353086865e+00 1.092999453261211951e+00 1.114604167948400004e+00 1.141208413347782891e+00 1.155211866470982951e+00 1.149138029104670444e+00 1.182822882376303175e+00 1.190277133030583245e+00 1.209890862757383667e+00 1.241961841647130083e+00 1.302246842302814844e+00 1.328625520318167608e+00 1.303674801917948711e+00 1.296158633090139567e+00 1.217789906463877081e+00 1.168618769086516629e+00 1.135208706351608532e+00 1.056370198791209969e+00 1.026365291298078075e+00 9.784029324842795639e-01 9.267875882334069004e-01 9.165741286131234844e-01 8.968544695394665700e-01 8.643935036985114229e-01 8.325269433875039926e-01 8.470155211241744420e-01 8.525779506402271224e-01 8.401634427969144614e-01 8.360161719146200765e-01 8.385164900206889538e-01 8.549686970966789978e-01 8.752531749199047306e-01 8.754335804275554800e-01 8.764557692911100206e-01 8.652802565651565025e-01 8.779190340732768716e-01 8.865592624625080465e-01 8.988403971232408196e-01 8.781449580012066214e-01 8.880490526023550046e-01 9.147058916076609147e-01 8.989073010777602901e-01 8.765826471195901082e-01 8.799183631136033856e-01 9.294675244579618800e-01 9.013405242313586863e-01 9.057703854095590090e-01 9.099309761538484365e-01 9.199215746307037866e-01 9.203033108308970034e-01 9.639893702507714712e-01 9.083513670582163968e-01 9.348286238497726108e-01 9.065102917910550229e-01 9.620871544493104777e-01 9.976016178166278170e-01 9.196326093512832145e-01 1.019655610948500213e+00
9.927289735108233426e-01 1.004269193025209450e+00 1.006004471630376651e+00 1.010794441570653346e+00 1.007208261497836599e+00 1.020013236000665291e+00 9.969301132466229509e-01 9.946086685603166000e-01 1.011732842029456680e+00 1.006905649477614295e+00 1.006463786588039699e+00 1.012207044181350435e+00 1.008566585518555714e+00 1.018728583581661296e+00 1.020174826748159846e+00 1.037143581033341144e+00 1.035679474468667927e+00 1.045965296348907891e+00 1.046900905265720105e+00 1.061636151724868027e+00 1.069593596295729476e+00 1.064093446525356867e+00 1.075057674938663332e+00 1.067732145858447224e+00 1.098289382209181930e+00 1.093882199357562701e+00 1.117341232291564124e+00 1.130616278759229765e+00 1.148937811233932793e+00 1.176019488347586295e+00 1.170981502078476399e+00 1.193767592950979450e+00 1.253462425049762574e+00 1.270332259909187966e+00 1.317708351234316400e+00 1.311218308221844486e+00 1.249028388074896245e+00 1.194413416399462191e+00 1.161298680761896795e+00 1.090658459233474487e+00 1.015477882751367966e+00 9.918541923970182195e-01 9.390020993151958484e-01 9.337217064527733035e-01 8.962404154257135325e-01 8.870640188063705356e-01 8.345331231853126974e-01 8.203305682445279912e-01 8.360109465813823082e-01 8.346562276879583298e-01 8.253655558812355020e-01 8.185078455227312588e-01 8.538880806520309230e-01 8.193950284166591214e-01 8.572780045132025739e-01 8.435469040690771747e-01 8.887723969629304221e-01 8.831902749193289992e-01 8.922097798330038687e-01 8.597128170546926018e-01 8.715372642157894756e-01 8.762377253916654452e-01 8.439147883147144480e-01 8.977935728386852166e-01 9.087100075624401363e-01 9.409697509927413828e-01 8.987693831415962675e-01 9.231808995528862916e-01 8.973650969226812935e-01 8.765807854156216772e-01 8.790313344036262411e-01 9.309297255336558274e-01 8.964775563553065707e-01 9.255381951321471901e-01 8.917162624818794070e-01 9.282386174421776159e-01 9.533521491563167194e-01 9.467780737401181312e-01 9.612368895621822285e-01 9.591004686251917155e-01 9.719916225317858371e-01
9.973641623769888831e-01 1.017760112955036433e+00 1.020318702806167099e+00 1.012832174009687947e+00 1.015421645574764220e+00 9.969301132466229509e-01 1.016548791049998179e+00 1.000454682249955152e+00 1.023504754624847690e+00 1.011561350754127009e+00 1.017768845183555593e+00 1.031357879610695250e+00 1.024749275237128110e+00 1.035155667682033487e+00 1.031507470789513770e+00 1.040672398101357254e+00 1.029783317521099972e+00 1.048131196724390035e+00 1.053885288114015495e+00 1.071927468387589233e+00 1.074378342590568192e+00 1.062544431523134936e+00 1.060473776619234254e+00 1.064347567625111735e+00 1.078261514036363167e+00 1.086584624244650188e+00 1.119522870508878665e+00 1.144715367945220663e+00 1.140032444055720129e+00 1.162857984747596385e+00 1.168806759002154028e+00 1.181479860493084955e+00 1.235023513759582414e+00 1.276659566842379911e+00 1.306962052297061083e+00 1.319403486920369684e+00 1.266237993342426149e+00 1.194527392116648601e+00 1.131089743241920909e+00 1.117162846934801612e+00 1.035586684838061711e+00 1.016188026403682665e+00 9.473958566066085218e-01 9.263906436483740903e-01 8.822521499647969501e-01 8.656800916597726658e-01 8.273972673473551920e-01 8.383779908481235887e-01 8.191207447563001454e-01 8.245329315977432127e-01 8.356404004022862653e-01 8.175451014264483174e-01 8.390937049821949323e-01 8.143518370074743773e-01 8.584965424427987157e-01 8.828238407790324205e-01 8.508179890231757359e-01 8.774991822587862034e-01 8.808167399888492399e-01 8.556648743995632911e-01 8.962502306897058846e-01 8.915373556151393597e-01 8.586485857046910475e-01 8.972087200136601437e-01 9.241032738211280018e-01 9.135895320925916385e-01 9.131679105001686558e-01 8.911863540006768059e-01 8.794324077565717213e-01 8.816488031328463260e-01 9.034384130170518556e-01 8.749904514898334540e-01 9.193784665973866455e-01 9.341760701845412962e-01 9.268752463530512964e-01 9.486906105212798979e-01 9.247009465746429679e-01 9.394707822090548888e-01 9.537314364889425411e-01 9.803655461433850027e-01 9.968063358065304413e-01
1.004023078471880881e+00 1.006486302470301242e+00 1.010508485526358857e+00 1.003478264201596026e+00 9.998450637972735588e-01 9.946086685603166000e-01 1.000454682249955152e+00 9.925508694676725696e-01 1.016068842896055369e+00 1.009864366316322259e+00 1.005095221417616091e+00 1.021226150335270644e+00 1.018721757287166518e+00 1.026289496575797600e+00 1.019861533500418638e+00 1.012520254677745868e+00 1.011840302291653115e+00 1.029437505007528619e+00 1.043756769619786473e+00 1.045406835858014194e+00 1.050503647278707264e+00 1.060190262383532867e+00 1.058017454556148484e+00 1.060702307782397824e+00 1.083589229242594154e+00 1.092269054214202395e+00 1.103692602320033744e+00 1.143846019698439243e+00 1.141602284404729994e+00 1.143037843382264107e+00 1.131961191724039084e+00 1.186626532929186073e+00 1.213982836292889722e+00 1.257671376757525827e+00 1.310364513964097366e+00 1.295515005390799113e+00 1.290610244053042921e+00 1.223702527444808563e+00 1.140638702480728295e+00 1.088768326634231398e+00 1.018822564931826102e+00 9.931874516809503506e-01 9.436118921673584126e-01 9.043408894223063932e-01 8.766083183674869828e-01 8.517595708744774008e-01 8.406329162205593564e-01 8.500891275146467141e-01 8.214557937878284033e-01 8.186009283959947425e-01 8.163680608451530096e-01 8.311936109131926598e-01 8.281530190913614087e-01 8.302508856949116778e-01 8.353058867835645440e-01 8.445435440872870458e-01 8.600788125442755394e-01 8.555483020623538826e-01 8.706634724098264444e-01 8.430014967026099315e-01 8.729780672416558307e-01 8.663930760640651263e-01 8.509541865072877131e-01 8.686146043755410551e-01 8.630073070137583846e-01 8.979896131835862771e-01 8.989392465970510449e-01 8.874397941195241168e-01 8.510940829167543686e-01 8.604544371593665364e-01 8.901737411793489985e-01 9.041135957339400120e-01 9.038313981612486891e-01 8.922023280814717072e-01 9.142355537159724266e-01 9.287996253112120737e-01 9.297383538423754645e-01 9.297261685204375459e-01 9.212125100279044965e-01 9.415911994029055876e-01 9.594742889210330361e-01
1.017961479433863836e+00 1.021096946181604181e+00 1.018498393398609370e+00 1.016839007956975127e+00 1.019276517434987817e+00 1.011732842029456680e+00 1.023504754624847690e+00 1.016068842896055369e+00 1.017512839118736911e+00 1.013472850219353072e+00 1.008786120467579206e+00 1.018881404479994313e+00 1.015873419190369109e+00 1.021982727961497250e+00 1.017566115543209415e+00 1.021560731879137096e+00 1.013320843851730713e+00 1.036516219901067348e+00 1.031883796848452883e+00 1.034535796242471939e+00 1.060105207525483983e+00 1.045749363878239802e+00 1.065719152124503077e+00 1.065426233135644996e+00 1.067035382623392259e+00 1.076766646828504648e+00 1.100282540055970371e+00 1.106755929976988240e+00 1.117315475397792301e+00 1.156432562865738589e+00 1.137766229346068414e+00 1.148156191735641540e+00 1.208828308302210219e+00 1.232660150827150192e+00 1.281657133298504059e+00 1.288156673661631002e+00 1.265818337475343558e+00 1.208409433438083935e+00 1.142338773782463068e+00 1.082088678129383252e+00 1.023820429679914268e+00 9.920681227756877885e-01 9.322781893122118468e-01 9.113003324856477905e-01 8.960941861869315961e-01 8.518627017336488638e-01 8.371544871965242995e-01 8.184471053238934202e-01 8.073673408427096687e-01 8.205796929333093459e-01 8.108747389024947294e-01 8.055001914833872512e-01 8.275684518658712463e-01 8.207155418755205378e-01 8.162795178887949366e-01 8.640536784425656425e-01 8.267876709718947614e-01 8.354022870828327063e-01 8.808519159590983971e-01 8.567930747747470877e-01 8.495914705054256055e-01 8.372900564623517727e-01 8.535686904321525548e-01 8.712566396876105790e-01 8.800386177772454577e-01 8.744680128515118778e-01 8.888848724741189589e-01 8.933768119819490705e-01 8.868567562284623840e-01 8.770063510951675578e-01 9.005285726849495687e-01 8.579416427763847386e-01 9.035643703800988469e-01 8.852609800113476757e-01 8.769747451577757369e-01 9.290704511020432266e-01 9.391737072009714860e-01 9.371939054435722838e-01 9.514691145783289450e-01 9.056915296755344569e-01 9.529261516999915083e-01
1.014139284019301090e+00 1.020462955503109725e+00 1.020554776183351331e+00 1.013803008031291863e+00 1.008324429573094649e+00 1.006905649477614295e+00 1.011561350754127009e+00 1.009864366316322259e+00 1.013472850219353072e+00 9.742215281064600108e-01 1.005800437830706384e+00 1.000912417594327808e+00 1.001407658522118105e+00 1.005309066686296715e+00 1.000538055274857729e+00 1.012158067186689880e+00 1.005187901506902071e+00 1.010044018627275442e+00 1.014231730140483734e+00 1.026800163275267685e+00 1.036549853239320029e+00 1.040388677729080058e+00 1.050263446624602359e+00 1.044889013503256248e+00 1.076877167428438753e+00 1.080712604394381549e+00 1.094768803202664786e+00 1.107493765405688668e+00 1.104491991323581335e+00 1.121440461468732330e+00 1.138686529122962421e+00 1.167841730315926307e+00 1.192183671105074172e+00 1.215190624440414480e+00 1.260831380244348932e+00 1.262508149050470818e+00 1.236484496725804183e+00 1.176456479576604153e+00 1.129984596006252673e+00 1.077651625996435270e+00 1.001198465622218370e+00 9.736237170055987988e-01 9.361107966140272962e-01 9.040149561961373648e-01 8.727510631440197342e-01 8.530441759765327037e-01 8.185795154410372421e-01 7.979209428869665777e-01 8.126161721742106714e-01 8.196199672410260373e-01 8.004705424077018794e-01 8.205232828972213177e-01 8.248064542859346870e-01 8.202862173933094248e-01 8.226894064559510111e-01 8.599055798252558391e-01 8.024888793949379595e-01 8.678064737515107652e-01 8.228497780236148085e-01 8.435584316690232232e-01 8.538925706349337341e-01 8.588073380012128943e-01 8.706091863374857409e-01 8.505079780806185097e-01 8.505137551761204895e-01 8.653754326337967928e-01 8.822819342892636030e-01 8.839118889441195392e-01 8.851263147839751877e-01 8.921048363118294633e-01 8.743188836887543225e-01 9.091302733833767080e-01 8.897642216630585743e-01 8.770609666641604463e-01 8.971458637380093082e-01 8.802100967276952348e-01 9.173341362481043371e-01 9.265424967697695191e-01 9.331435228836763018e-01 9.324537636631134996e-01 9.238620311184377876e-01
1.003424350494142026e+00 1.031415584647119132e+00 1.022150270011810580e+00 1.014007097545273517e+00 1.009656459488779801e+00 1.006463786588039699e+00 1.017768845183555593e+00 1.005095221417616091e+00 1.008786120467579206e+00 1.005800437830706384e+00 9.655991928787049927e-01 9.845413527755602079e-01 9.908169929854115932e-01 9.924738140475806158e-01 9.965065654294400499e-01 9.906540869953298634e-01 9.875280874223943961e-01 9.915573566754656287e-01 9.885687741951256768e-01 1.005133456347250709e+00 1.010093221983135114e+00 1.016638115764629147e+00 1.032510700197378117e+00 1.035086997081790416e+00 1.045269924883067247e+00 1.046237780522267791e+00 1.069317523454287766e+00 1.086151386215090664e+00 1.080899704655745142e+00 1.123265418532328530e+00 1.112279669047172348e+00 1.129736067603371641e+00 1.172766539441846279e+00 1.215446210780981584e+00 1.230243349332820646e+00 1.258863757222352664e+00 1.219691701530918326e+00 1.182157475206473851e+00 1.092910068886030484e+00 1.050097600238098838e+00 9.931625804777547417e-01 9.583183990683753484e-01 9.146481585830996686e-01 8.971899974505328501e-01 8.429443839821876283e-01 8.185081564573871704e-01 8.140934905755663475e-01 8.088909912337726160e-01 7.938231802827595551e-01 7.818161660143542191e-01 7.764654176384044870e-01 7.989214906092333424e-01 7.827235274340763604e-01 7.980987833516705043e-01 8.007885297981101047e-01 8.294853867780617174e-01 8.437168554841378842e-01 8.147221860843514296e-01 8.218183998774281074e-01 8.449631920454481193e-01 8.364257972064117475e-01 8.461706654747468415e-01 8.439517566298073703e-01 8.462683425580778129e-01 8.456664870653098909e-01 8.616562496757168566e-01 8.528061661627329704e-01 8.519957859794834443e-01 8.653307517333072019e-01 8.466707614706271423e-01 8.698180222095002190e-01 8.612533779452583582e-01 8.874552595944933397e-01 8.934455803905062554e-01 8.727121379189876071e-01 8.685945488032953410e-01 9.038424794721694466e-01 9.321470375367389982e-01 9.045511127927043926e-01 9.325839043359036573e-01 9.202324972053392838e-01
1.032290085073035657e+00 1.037244752817428228e+00 1.036823387417279640e+00 1.025096770071024066e+00 1.015482767973944211e+00 1.012207044181350435e+00 1.031357879610695250e+00 1.021226150335270644e+00 1.018881404479994313e+00 1.000912417594327808e+00 9.845413527755602079e-01 9.784247468513898038e-01 9.906085277128851008e-01 1.011010351743124591e+00 1.003445765452878558e+00 1.013555695760775865e+00 9.982553479247812112e-01 1.004062728827410433e+00 1.006918709766759568e+00 1.027895473686378791e+00 1.026525315958542350e+00 1.028953847488532247e+00 1.039630989279885842e+00 1.045355165638281569e+00 1.054107864989567878e+00 1.051662974674395290e+00 1.089462185448737852e+00 1.096883433286216736e+00 1.105473832311244742e+00 1.108210776663627772e+00 1.130659484345712729e+00 1.128061987136211641e+00 1.164370255208225347e+00 1.212946993222078662e+00 1.244896219200942511e+00 1.268508293229053008e+00 1.215561773708601301e+00 1.166537353554360612e+00 1.100852622189844032e+00 1.073522624112601909e+00 1.003226160214724327e+00 9.590488874861191615e-01 9.232793514214368003e-01 8.775755243692556773e-01 8.598458863532331131e-01 8.314500294681431702e-01 7.989168697700932409e-01 7.824796114973516792e-01 8.051489259776457574e-01 7.926460861394505342e-01 8.042046487641667518e-01 7.788564378102941221e-01 8.154454326045406098e-01 7.878572943829578179e-01 8.006528183565126966e-01 8.256412088547540051e-01 8.167072299268767210e-01 8.241327502622359802e-01 8.375947574285221853e-01 8.276515221569857861e-01 8.247747972511807468e-01 8.507222329369273917e-01 8.303174341391850177e-01 8.514280244747961524e-01 8.561145925671400647e-01 8.706358988039283320e-01 8.623114212251383748e-01 8.653461970550870852e-01 8.592572566972447312e-01 8.433945439291721247e-01 8.540735257783886869e-01 9.090128178707325146e-01 8.600012838663267933e-01 8.687252627372420433e-01 8.674623365914273521e-01 8.721093079555085614e-01 9.118975284958104055e-01 9.587300421064938183e-01 9.194602597494945240e-01 9.213280281067737221e-01 9.508274086416750315e-01
1.026232766168342136e+00 1.023126977228261403e+00 1.036131727631572019e+00 1.029867057296598443e+00 1.025893242838181729e+00 1.008566585518555714e+00 1.024749275237128110e+00 1.018721757287166518e+00 1.015873419190369109e+00 1.001407658522118105e+00 9.908169929854115932e-01 9.906085277128851008e-01 9.946213489195899760e-01 1.006628315270250207e+00 9.937849904924747069e-01 1.002528468704307230e+00 1.001486184934245127e+00 9.980790560171158843e-01 9.969516966141048764e-01 1.020543994137782073e+00 1.026500761084129243e+00 1.033768976532099648e+00 1.042740066697289913e+00 1.040491916895645907e+00 1.050745897578007737e+00 1.047854704761502553e+00 1.084090376809358824e+00 1.090705294624079835e+00 1.102744351151767166e+00 1.090300306657074891e+00 1.122935889742854743e+00 1.129087181385374672e+00 1.171501682479944684e+00 1.213826442864892607e+00 1.217740434253620441e+00 1.232294513121401369e+00 1.226283627174485025e+00 1.157939319088642227e+00 1.094902238597947441e+00 1.035315662711600471e+00 9.816653710874504446e-01 9.410895344721048605e-01 8.948012097331289327e-01 8.745125481845404947e-01 8.366556498259529739e-01 8.174326610938509319e-01 7.848003277186765825e-01 7.718484416123317926e-01 7.901501441541615156e-01 7.669041083424331662e-01 7.812934424443607195e-01 7.672117944541119172e-01 7.783471534680296289e-01 7.865501609319511811e-01 8.075303958871042909e-01 8.138070111563437958e-01 7.930966731582224094e-01 8.125348760258168657e-01 8.078131712348349813e-01 8.140385419249070997e-01 8.094648277610353437e-01 8.362349431350413198e-01 8.432125912590818784e-01 8.465981347565425530e-01 8.566266690740363954e-01 8.503379567815777529e-01 8.484756631369816393e-01 8.615366311534348176e-01 8.603236686653393805e-01 8.578826969436228467e-01 8.521305757397774627e-01 8.664475836831835309e-01 8.569935346577393087e-01 8.755317517978846720e-01 8.742651909785732478e-01 9.034877402303961302e-01 8.894849354619747128e-01 8.743308482734744036e-01 9.080031318160756149e-01 9.091848915660847297e-01 9.468537249451756121e-01
1.045257406775222719e+00 1.055373255011412104e+00 1.042274260799020302e+00 1.036773942009943772e+00 1.048892503119367436e+00 1.018728583581661296e+00 1.035155667682033487e+00 1.026289496575797600e+00 1.021982727961497250e+00 1.005309066686296715e+00 9.924738140475806158e-01 1.011010351743124591e+00 1.006628315270250207e+00 9.858675459700071420e-01 9.781995718367101356e-01 9.999337407739036232e-01 1.011252105059810669e+00 9.943300241959622809e-01 9.966077457241461213e-01 1.017831781925149448e+00 1.036880222416428854e+00 1.035889049756742564e+00 1.035453209849991785e+00 1.046950706317842927e+00 1.053417663650680458e+00 1.049507493191147667e+00 1.076403901807478025e+00 1.091038539860776257e+00 1.076810009498170739e+00 1.088102461368970042e+00 1.101404079326568697e+00 1.148045489498412008e+00 1.154550124774471609e+00 1.206669052953331045e+00 1.215427531274748452e+00 1.253198174288585154e+00 1.219736757447609676e+00 1.150092860398515882e+00 1.087108180930550505e+00 1.045696411442878393e+00 9.723917165329752921e-01 9.631118693846902890e-01 8.941912301510019923e-01 8.612672279722420887e-01 8.424200421761166568e-01 8.124367508825592887e-01 7.848394527555496714e-01 7.653851239661354500e-01 7.758403744369319899e-01 7.674298854100911615e-01 7.743176656520893708e-01 7.566215422743759467e-01 7.819800650081846216e-01 7.700529564364294588e-01 7.787640567950209203e-01 8.078693817148306922e-01 8.197375134876636604e-01 7.835767928110451974e-01 8.085730074730484995e-01 7.984675789453742345e-01 8.204438237097743114e-01 8.275140668104603581e-01 8.334813696763342383e-01 8.384171378947610220e-01 8.333162468692494329e-01 8.363784330786452337e-01 8.496979863693000512e-01 8.752182009863791468e-01 8.436682724521652466e-01 8.617423740183143277e-01 8.543477313239198345e-01 8.475184391939100115e-01 8.366396041539699846e-01 8.650394334163936660e-01 8.908937432681974800e-01 8.904452099185689029e-01 9.041774459532485597e-01 9.288680095809331849e-01 8.971803447106216911e-01 9.166450757190029996e-01 9.153308346442168286e-01
1.026490986947752315e+00 1.058250924690130379e+00 1.060885996999267444e+00 1.052300551725980027e+00 1.036151213211880195e+00 1.020174826748159846e+00 1.031507470789513770e+00 1.019861533500418638e+00 1.017566115543209415e+00 1.000538055274857729e+00 9.965065654294400499e-01 1.003445765452878558e+00 9.937849904924747069e-01 9.781995718367101356e-01 1.011177954638997400e+00 1.011989819963800219e+00 9.998356817359508319e-01 1.001175642273823607e+00 9.959541930681282684e-01 1.013431263986557029e+00 1.018637576849827253e+00 1.021124014937201618e+00 1.026217832869529056e+00 1.022326970389255907e+00 1.035995036731589103e+00 1.059419471691592785e+00 1.063570261995065325e+00 1.064724657426771026e+00 1.080895699657101083e+00 1.078842182334298849e+00 1.088643276902963697e+00 1.122581959667260376e+00 1.156491985792855504e+00 1.170693641903060023e+00 1.226516746633344424e+00 1.223658093253352730e+00 1.204384782549090094e+00 1.137981003586154838e+00 1.067500944884298253e+00 1.029760967673402750e+00 9.628161042593246233e-01 9.170148322358159243e-01 8.893859578464984317e-01 8.527505081637740680e-01 8.115347153329637298e-01 8.014391039790194071e-01 7.709785247292285648e-01 7.658026258595410640e-01 7.584832739637745735e-01 7.758555152784519793e-01 7.717152830044591294e-01 7.678458871258778684e-01 7.766021350344208818e-01 7.570260774144235150e-01 7.751312027895264078e-01 8.027743847712972558e-01 7.882362189710349076e-01 8.027283704679728515e-01 8.218762717119720840e-01 7.914134142816660056e-01 8.259812983074251713e-01 8.043143796337728357e-01 8.184448599054402473e-01 8.217333158853047381e-01 8.087747274218288762e-01 8.465729548724254538e-01 8.172060066893097607e-01 8.467657455582819903e-01 8.458040489624206737e-01 8.167995406181184359e-01 8.589604150787832904e-01 8.469103770778404483e-01 8.750939006368811945e-01 8.788401743668052823e-01 8.959172477454674377e-01 9.137049100560014070e-01 8.764727155266858194e-01 9.023140671662764900e-01 9.171967952213736508e-01 9.046493719058488203e-01 9.271835402048075325e-01
1.046838728979469613e+00 1.066197272164827181e+00 1.047236101041946643e+00 1.050947543037457077e+00 1.043557830346004023e+00 1.037143581033341144e+00 1.040672398101357254e+00 1.012520254677745868e+00 1.021560731879137096e+00 1.012158067186689880e+00 9.906540869953298634e-01 1.013555695760775865e+00 1.002528468704307230e+00 9.999337407739036232e-01 1.011989819963800219e+00 9.982326180583964703e-01 1.004671166401861493e+00 1.011863674388442158e+00 1.001774535427110813e+00 1.020925290984738831e+00 1.023315476319669015e+00 1.025273162256078008e+00 1.027848986783385987e+00 1.014838578421091153e+00 1.022919196100715800e+00 1.047018225421685766e+00 1.052299956799180869e+00 1.065036513895206705e+00 1.077159774857888941e+00 1.085939126651914721e+00 1.098666497684787080e+00 1.118235550468133832e+00 1.140673291900351938e+00 1.172871137869281322e+00 1.216326519854149302e+00 1.234508503408795477e+00 1.218974756124781011e+00 1.151337506201948635e+00 1.072424747113449595e+00 1.005013099589772585e+00 9.590745802339101234e-01 9.385933562149767484e-01 8.846319740344907867e-01 8.650954553308368711e-01 8.314341145889788676e-01 7.956045990702547144e-01 7.790236359180447989e-01 7.655458786297576479e-01 7.786760559598524534e-01 7.614442579071222239e-01 7.658580906690445333e-01 7.596225882361521409e-01 7.620704490836948120e-01 7.759638967882330762e-01 7.780217848918227208e-01 7.908870904385095768e-01 8.020790106879113202e-01 7.967603013577841953e-01 8.308192137422970580e-01 7.984432495033167987e-01 8.183257904481145983e-01 8.236866099747333081e-01 8.176598035317218516e-01 8.411792773067611195e-01 8.368514282804042637e-01 8.567568757299652837e-01 8.576998757701277398e-01 8.514893833915663235e-01 8.501828692488387906e-01 8.169283482203489877e-01 8.716078048691814351e-01 8.690094361863025529e-01 8.742855010377175162e-01 9.030468535693463306e-01 8.866264020058117756e-01 8.993134619593845525e-01 9.144265620399442129e-01 8.990195541623039466e-01 8.752778455799642421e-01 9.226657003305070992e-01 9.181021468661839657e-01
1.059825688571148117e+00 1.068743277323882745e+00 1.062058860985936048e+00 1.057372953046910924e+00 1.042421624393441659e+00 1.035679474468667927e+00 1.029783317521099972e+00 1.011840302291653115e+00 1.013320843851730713e+00 1.005187901506902071e+00 9.875280874223943961e-01 9.982553479247812112e-01 1.001486184934245127e+00 1.011252105059810669e+00 9.998356817359508319e-01 1.004671166401861493e+00 9.907189146756238962e-01 9.993143435867017921e-01 9.992110517958792126e-01 1.012278516316012844e+00 1.024498415255603812e+00 1.022158323718747264e+00 1.020117196598276266e+00 1.011143867108772909e+00 1.033036380234066520e+00 1.044307724153190620e+00 1.070671492163697947e+00 1.071666929730764384e+00 1.082564758346233447e+00 1.084295283932220633e+00 1.079202064571306741e+00 1.132754793708676821e+00 1.149741842892406885e+00 1.204156115940883787e+00 1.214026712420925191e+00 1.236132645955458464e+00 1.197028671922842680e+00 1.134507177789951138e+00 1.052252094881934941e+00 9.959607315539100725e-01 9.425804123582924854e-01 9.245137411732603505e-01 8.762971550654641284e-01 8.349485854267343354e-01 8.132541397880062028e-01 7.798591538419915592e-01 7.481123624453682730e-01 7.658383147704268534e-01 7.515049884555511372e-01 7.590185384637846422e-01 7.652918814273569348e-01 7.668339881189075724e-01 7.645843437777111173e-01 7.984879473567052521e-01 7.670543448694054911e-01 8.030179799482113356e-01 7.910017036050769335e-01 7.872834595275890468e-01 8.194661077563292206e-01 8.024291610764148208e-01 7.970583443663622480e-01 8.148922204756637866e-01 8.171578177077727378e-01 8.177426763536317367e-01 8.272497782839478564e-01 8.206672807378116996e-01 8.278837579380280420e-01 8.562148339064976632e-01 8.376539612106004284e-01 8.184613143322487794e-01 8.381762041218018267e-01 8.365508939888794959e-01 8.682131598029541042e-01 8.664864213470953036e-01 8.910758578093805893e-01 8.888415190497498397e-01 8.738567923672783122e-01 9.007273498080070606e-01 9.185515712131677724e-01 9.318047798088662237e-01 9.497865686161439669e-01
1.066892642584435835e+00 1.069611239481320641e+00 1.064769461925308303e+00 1.054450444074272797e+00 1.053614155498819205e+00 1.045965296348907891e+00 1.048131196724390035e+00 1.029437505007528619e+00 1.036516219901067348e+00 1.010044018627275442e+00 9.915573566754656287e-01 1.004062728827410433e+00 9.980790560171158843e-01 9.943300241959622809e-01 1.001175642273823607e+00 1.011863674388442158e+00 9.993143435867017921e-01 1.033235168573085616e+00 1.018147338437842109e+00 1.019088602953311495e+00 1.015905071746930899e+00 1.014145119413711882e+00 1.010096449659063644e+00 1.016699075840774125e+00 1.021529767496869523e+00 1.042991242757780324e+00 1.067123365727771001e+00 1.068921693340491030e+00 1.058680262387468041e+00 1.090968633722713355e+00 1.081237241901841672e+00 1.107758816165270277e+00 1.128930672028584103e+00 1.170285894880334521e+00 1.215945839591515920e+00 1.222998002550176322e+00 1.188246424518085709e+00 1.131730702885543005e+00 1.055132280372729658e+00 9.862018815493671653e-01 9.493192320856496114e-01 9.096414312783135392e-01 8.838862171198774709e-01 8.585860001811126407e-01 8.097666872625483014e-01 7.790019086652979485e-01 7.744800051630996718e-01 7.534299898860605804e-01 7.547862798857726263e-01 7.658468568230660800e-01 7.464795248653610660e-01 7.620378871060516923e-01 7.646278286462750984e-01 7.620757821686267031e-01 7.756987608811624080e-01 7.695474770975575529e-01 7.751867946709704027e-01 7.881376069993837330e-01 8.179883950671557047e-01 7.970509279302051553e-01 8.087718122184716085e-01 7.897131618962298649e-01 8.242284426767876315e-01 8.149096225095496804e-01 8.263953859051831330e-01 8.511477297223345451e-01 8.530532102907113501e-01 8.516966595600300449e-01 8.227149397739369485e-01 8.511531651630602768e-01 8.197690260847074750e-01 8.466253091680500109e-01 8.535090334033955672e-01 8.553773398532302785e-01 8.626050953040171887e-01 8.797161943241350590e-01 8.833122236338528666e-01 9.002409034044983605e-01 9.039052957213288275e-01 9.309745119747887543e-01 9.394233022418955192e-01
1.060724321925845537e+00 1.068225168116972990e+00 1.051241760445515316e+00 1.065977438753685780e+00 1.067269945259504915e+00 1.046900905265720105e+00 1.053885288114015495e+00 1.043756769619786473e+00 1.031883796848452883e+00 1.014231730140483734e+00 9.885687741951256768e-01 1.006918709766759568e+00 9.969516966141048764e-01 9.966077457241461213e-01 9.959541930681282684e-01 1.001774535427110813e+00 9.992110517958792126e-01 1.018147338437842109e+00 9.899398131231024189e-01 9.986501367170989019e-01 1.010548780442337646e+00 1.008079960355807714e+00 1.004875289805054139e+00 1.002676025580000463e+00 1.006210991819656009e+00 1.020666500133095678e+00 1.046879036110853090e+00 1.049866060678481094e+00 1.055418070151034726e+00 1.058461130942760731e+00 1.077623313710281971e+00 1.109829020913247311e+00 1.121770153535978309e+00 1.177088621832436344e+00 1.212767472271261360e+00 1.190093052311139044e+00 1.180325145978802004e+00 1.099621109010582520e+00 1.039022507535956485e+00 9.944556900085748108e-01 9.237880836897103265e-01 8.915075900421826072e-01 8.713809551238256290e-01 8.464323276932328444e-01 7.974182825955984377e-01 7.765591425112057244e-01 7.602828680058688615e-01 7.401637962495331013e-01 7.520757664420938404e-01 7.355925987689752032e-01 7.424435262880383357e-01 7.372756226120746881e-01 7.357258615044030003e-01 7.612872091572323585e-01 7.489682319598238713e-01 7.754900457992550677e-01 7.825594726736643247e-01 7.727506409074724747e-01 8.126134015860914106e-01 7.801273770378640560e-01 7.904548100437385205e-01 8.157524443779448076e-01 7.926439128274580526e-01 8.106518706290369858e-01 8.325777299883190263e-01 8.300693647858761182e-01 8.401808537465675908e-01 8.237174116729482076e-01 8.347866072474673382e-01 8.664208802857401581e-01 8.414163801719211078e-01 8.403657077776580664e-01 8.661135823186439930e-01 8.740970784723517406e-01 8.608548907204530698e-01 8.414641408625858077e-01 8.874727099687530485e-01 9.212823861592367436e-01 8.774125395674600147e-01 9.196725194452589625e-01 9.293233266041409646e-01
