1.000739782413028633e+00 1.004725652504656175e+00 1.003347881038610057e+00 1.012741427570531316e+00 1.016516052204980314e+00 1.022508654160892316e+00 1.019166047072735282e+00 1.021922278706522969e+00 1.020082756529802959e+00 1.015759007268485226e+00 1.025217589318589306e+00 1.021787955072872789e+00 1.005201632726252292e+00 1.011341412551462593e+00 1.019656196764469280e+00 1.029836973837725100e+00 1.036688212399662357e+00 1.052777171270570911e+00 1.053855717728700458e+00 1.057643810420848540e+00 1.047717633669965620e+00 1.065627112480117100e+00 1.075925256397581187e+00 1.066948135858606372e+00 1.072877970015743587e+00 1.076799711639290669e+00 1.078341399903299358e+00 1.081740917879255859e+00 1.076219161407033775e+00 1.089934393974050897e+00 1.122964337557451397e+00 1.144258313008028827e+00 1.152000600020010257e+00 1.161398769713285928e+00 1.142288106206699849e+00 1.182064533222007219e+00 1.206911323351170795e+00 1.248475596197922144e+00 1.284026602410309525e+00 1.272754503724854880e+00 1.142902732934399257e+00 1.017672151037667616e+00 9.649082169550421417e-01 9.053613923201134783e-01 8.917171771585563622e-01 9.038386680869441303e-01 8.856318499797347643e-01 8.763312330008545814e-01 8.849471591820484706e-01 8.905274547137190799e-01 8.918030847352121926e-01 9.142625867395831607e-01 9.142665018773113994e-01 9.358924725173669579e-01 9.201332756993262363e-01 9.015355708879688734e-01 9.219444736412225616e-01 9.273530395334269594e-01 9.362707971053414457e-01 9.182475088946463471e-01 9.013469884537412824e-01 9.102597688931838293e-01 9.233152601943223070e-01 9.207442489922909035e-01 9.353611782797148777e-01 9.114184215774394637e-01 9.229457371220581852e-01 8.997115482915185591e-01 9.394146483856690155e-01 9.270757773950769609e-01 9.247658598747177106e-01 9.381958364572026143e-01 9.482971278105362112e-01 9.294018101564212042e-01 9.400716188694364650e-01 9.304647186339769505e-01 9.433964165207835428e-01 9.542885045469954308e-01 9.528649143324822157e-01 9.538743408688328262e-01 9.888210352887985000e-01
1.004725652504656175e+00 1.042514340285682684e+00 1.006986063770227036e+00 1.017964151128354366e+00 1.018471192295190786e+00 1.015864465140400075e+00 1.010318169879542483e+00 1.022556181999684677e+00 1.001567850049813746e+00 1.017311715623856472e+00 1.000522346067776791e+00 1.015186158933774951e+00 1.006400615245061525e+00 1.027095905621965732e+00 1.013294915579062705e+00 1.026220395152743770e+00 1.031216907775815761e+00 1.058619103689091068e+00 1.045827665463629375e+00 1.055160751917674888e+00 1.041575770323855288e+00 1.065304490019145289e+00 1.057279385585519593e+00 1.068189854112393311e+00 1.051897327042196517e+00 1.059052371449156871e+00 1.090714406955787696e+00 1.076330310401259593e+00 1.105255127111135938e+00 1.096543674770087629e+00 1.118515028643814802e+00 1.134291999174265264e+00 1.155608764096462737e+00 1.151022439875121872e+00 1.180504515297729817e+00 1.200839624254853799e+00 1.226956242866626079e+00 1.261968494650672845e+00 1.298847483852989537e+00 1.251675667436594308e+00 1.132371217104171102e+00 1.031313011600940133e+00 9.310084093940216299e-01 9.024367619287924080e-01 8.861548871032324248e-01 8.786014153617751621e-01 8.806285169632126486e-01 8.868130450009655830e-01 8.972752455974433161e-01 9.158489398516393987e-01 9.153332648397830562e-01 9.235749446996803780e-01 9.081077072936269978e-01 9.188466119380326314e-01 9.130585508697403041e-01 9.025572949442118853e-01 9.151725394780383382e-01 9.024933450517210742e-01 9.184519410973420728e-01 9.190821353107619940e-01 9.163700719490778246e-01 9.334529473584713966e-01 9.385470369954918013e-01 8.987850917482455015e-01 9.269633973096367274e-01 9.319546358236231454e-01 9.025853730953949938e-01 9.293548824701955979e-01 9.162117183870976955e-01 9.322218101214331254e-01 9.405082266516332501e-01 9.195082350218991563e-01 9.248660877797834079e-01 9.330783306552665746e-01 9.575342822641982332e-01 9.504697656028505692e-01 9.581511115241119203e-01 9.600172417150881765e-01 9.717935071951681048e-01 9.728241218325583972e-01 9.935103844194114187e-01
1.003347881038610057e+00 1.006986063770227036e+00 1.002469853726649873e+00 1.006655137122491439e+00 1.016100165480983586e+00 1.010277107508166017e+00 1.001569166274969946e+00 1.015079273699818430e+00 9.968855565418927034e-01 1.003256802835979844e+00 9.935039900943891666e-01 1.003251715632361707e+00 9.962056093395795786e-01 1.004899597420030100e+00 9.970636268703833016e-01 1.007189207722258617e+00 1.010581801542554281e+00 1.044962647307664305e+00 1.022801941508792334e+00 1.036726955094924296e+00 1.032393596802957392e+00 1.047380231996291711e+00 1.048896702941705339e+00 1.040109835798406879e+00 1.037537533214107022e+00 1.059534576268108541e+00 1.059364860909906225e+00 1.070725921547020398e+00 1.064977913848357494e+00 1.068137694158511453e+00 1.091824223764325197e+00 1.116124472243150700e+00 1.137365887847430201e+00 1.158043100228138389e+00 1.148568422038625858e+00 1.177471902140963200e+00 1.181636048433773789e+00 1.244926866304026269e+00 1.250330418815638778e+00 1.247225649782536028e+00 1.140730334636364640e+00 1.007337012154417843e+00 9.285946266447104858e-01 8.926559193879857190e-01 8.666866949145953791e-01 8.638326557214710544e-01 8.695565271330344403e-01 8.669986556197688543e-01 8.849567843821829483e-01 8.628263530152674443e-01 8.649455666190762892e-01 8.823469578041904793e-01 8.735325681701527900e-01 9.325376839598299439e-01 9.110839922280596914e-01 8.906558980338530329e-01 8.886852987519432423e-01 9.159791646919442920e-01 9.227262262231741285e-01 9.016814033813889129e-01 9.070386656743418818e-01 9.143024335435552263e-01 9.234118573751500803e-01 9.189879974221644154e-01 9.014060058215551674e-01 8.903723871948358015e-01 9.160320826298290475e-01 9.093175071758908823e-01 8.906062952983981873e-01 9.071186482081882163e-01 9.338310271961277609e-01 9.353642156760341164e-01 9.370196366895844342e-01 9.454509296731092860e-01 9.367804711755677305e-01 9.706231614840102884e-01 9.384429649194788725e-01 9.438682633902438779e-01 9.438145343513693053e-01 9.570278670507121888e-01 9.766281623356828367e-01
1.012741427570531316e+00 1.017964151128354366e+00 1.006655137122491439e+00 1.034611545959175816e+00 1.003556334150732754e+00 1.016115810426508226e+00 1.003601979626062901e+00 1.008351957898440343e+00 1.001109362954579307e+00 9.985460704561236467e-01 1.000891712680588297e+00 1.000814567723422144e+00 1.009810549227825982e+00 9.981218502288181638e-01 9.921018729300526973e-01 1.013846739258557728e+00 1.027273631394869824e+00 1.050281058818209434e+00 1.047515538762146425e+00 1.042722382483506349e+00 1.032873227929037130e+00 1.054643140344139196e+00 1.048089222263539178e+00 1.052236322561059589e+00 1.037630301414092182e+00 1.047412926615180817e+00 1.067523181878710092e+00 1.060812533323967521e+00 1.062418976716799079e+00 1.095121072329930723e+00 1.114318395677534657e+00 1.125519113560152773e+00 1.135015122761932282e+00 1.141908268621702804e+00 1.147854836485599384e+00 1.185414441398812135e+00 1.198019600533125395e+00 1.243200949386228382e+00 1.260832060172467850e+00 1.232083776343454007e+00 1.137295828382025142e+00 1.008306996296174152e+00 9.067481401444541511e-01 8.960639940408989812e-01 8.935126140697392527e-01 8.802203305691438384e-01 8.814144864787010203e-01 8.758298491593389246e-01 8.895650120952356410e-01 8.891844593362235871e-01 8.857197977821112955e-01 9.112099895657452819e-01 9.203306995663780299e-01 9.217704678863611889e-01 9.095391244961784638e-01 8.977441623569339946e-01 9.022713348198295735e-01 8.918795237905240425e-01 8.914872278355926438e-01 9.324544939561562051e-01 9.347570963247991971e-01 9.163054938579950903e-01 9.342369982778871984e-01 9.229103857854122905e-01 9.174271377903969737e-01 9.257824889522919820e-01 9.256708407570939379e-01 9.112851374674583171e-01 9.172211191149686194e-01 9.208137730185230740e-01 9.203032351642626008e-01 9.610633460981384824e-01 9.291644301303142450e-01 9.268140534756141857e-01 9.716378312719475829e-01 9.659671086089638425e-01 9.450287829562159514e-01 9.823599042255835023e-01 9.871831200890409663e-01 9.730031266974228377e-01 9.481421015487933035e-01
1.016516052204980314e+00 1.018471192295190786e+00 1.016100165480983586e+00 1.003556334150732754e+00 1.020130077602165564e+00 1.018845037003853982e+00 1.011268459453033453e+00 1.009560507017040809e+00 1.004162856436522588e+00 1.009115748519109346e+00 1.002408157681730971e+00 1.008051170002825625e+00 1.003692269420303873e+00 1.008345481195915605e+00 1.011450029939889417e+00 1.009271557082465298e+00 1.024664625624868597e+00 1.045907134611508305e+00 1.043853656949523812e+00 1.040020765653997703e+00 1.033426532399289499e+00 1.066535153099849031e+00 1.053047210585628779e+00 1.051069940834548522e+00 1.058140814988711931e+00 1.041780215369114249e+00 1.069970292298215719e+00 1.065448220708299143e+00 1.080516830040386678e+00 1.070961969805521496e+00 1.081817291872024578e+00 1.129401649036951394e+00 1.123371118082239439e+00 1.147817683174680248e+00 1.138703688840838391e+00 1.167924190636285164e+00 1.188432753271770892e+00 1.227876897954142787e+00 1.252983303420305949e+00 1.271846504915015386e+00 1.122550415132212986e+00 1.011307011680852463e+00 9.183117949368362343e-01 8.702899036264796218e-01 8.824973878411001005e-01 8.679030633606880096e-01 8.700866882493157872e-01 8.693813179233048638e-01 8.730677169924544456e-01 8.780229548390675598e-01 8.838527069079571419e-01 8.923345199009404816e-01 8.943625326364804673e-01 9.180535097185635873e-01 9.000070233775553374e-01 9.057049742449092555e-01 8.864528969193979924e-01 9.185857112776090183e-01 8.961313981095268000e-01 9.181133477853309355e-01 8.991946336578241494e-01 9.007440827566487451e-01 9.152692247807586723e-01 9.188001628325270786e-01 9.017220818803708404e-01 9.033541040656934973e-01 8.891167296020712207e-01 9.123729643719865612e-01 9.134041154559148223e-01 9.098461154076509239e-01 9.124070862526734160e-01 9.248947647989140819e-01 9.245423148968201499e-01 9.251228607986751173e-01 9.245173221898935756e-01 9.343333261850707006e-01 9.415545814755149623e-01 9.468108726243564810e-01 9.748415608931212395e-01 9.839466154621501204e-01 9.657702617662425881e-01
1.022508654160892316e+00 1.015864465140400075e+00 1.010277107508166017e+00 1.016115810426508226e+00 1.018845037003853982e+00 1.021178657222209463e+00 1.015205187495723527e+00 1.007947261191992849e+00 1.010307078681448090e+00 1.005604638427163522e+00 1.011920734237330421e+00 1.001508569153386041e+00 1.002656267735824613e+00 1.013748589864443161e+00 9.994919445742921349e-01 1.012860086695678286e+00 1.016530600174309074e+00 1.041232356536657022e+00 1.050503450267834538e+00 1.036530211143438462e+00 1.028566533575906661e+00 1.048781400186731494e+00 1.045501511844635578e+00 1.055971040042585463e+00 1.042074869459673092e+00 1.040175173844794410e+00 1.047509335306154421e+00 1.069596485132956909e+00 1.060123088351410114e+00 1.090208761154753958e+00 1.093577675095600332e+00 1.125294279433781686e+00 1.118694015989154522e+00 1.133143121891822203e+00 1.147341659438675165e+00 1.151770421239768361e+00 1.196783872453128561e+00 1.228914270904289063e+00 1.265946496431647805e+00 1.264914283123435013e+00 1.114997415963179028e+00 9.965731344409597403e-01 9.121835264086167738e-01 8.939388052811143570e-01 8.604588844447386142e-01 8.690652043125630666e-01 8.705775443120647994e-01 8.610838766939479250e-01 8.742604033889529447e-01 8.697406674087091449e-01 8.796362834127456898e-01 8.942945310616359222e-01 8.998343908273142011e-01 8.618981384006123569e-01 8.938280667513750499e-01 8.729273113976186993e-01 8.974744160329886089e-01 8.802905110673883149e-01 9.193076043804518926e-01 9.205537122747839973e-01 8.831192155989507908e-01 9.187557872401244108e-01 9.270275929241394985e-01 9.044777220905027004e-01 9.069530131318500610e-01 9.004046596285999460e-01 9.030442009215264854e-01 9.018173627079641985e-01 9.258412079387239313e-01 8.973985956499789252e-01 9.146546683490721641e-01 9.222532923349530121e-01 9.277426548614300383e-01 8.829284514930095806e-01 9.454138908234452909e-01 9.406636362051180589e-01 9.600539235468492638e-01 9.583400708908721422e-01 9.261717516364200709e-01 9.597466718709368738e-01 9.591712798794229666e-01
1.019166047072735282e+00 1.010318169879542483e+00 1.001569166274969946e+00 1.003601979626062901e+00 1.011268459453033453e+00 1.015205187495723527e+00 1.005027124673472994e+00 9.930616487670963499e-01 9.967202659539183829e-01 9.948872619163011688e-01 9.907321993456442710e-01 9.848507555554726345e-01 9.934045437264381606e-01 9.960294590651224134e-01 9.954221887366122568e-01 9.903963744832425808e-01 1.008400384324439791e+00 1.027514597666544072e+00 1.024322340351414340e+00 1.021134079599108180e+00 1.012010468344830549e+00 1.035316941883839048e+00 1.024085899666204780e+00 1.025411281649991402e+00 1.035648949575134203e+00 1.035313063073270312e+00 1.052030765772881571e+00 1.043457786557259626e+00 1.053347079974312095e+00 1.063137285700558765e+00 1.080722574255102764e+00 1.106151817440843121e+00 1.115989103791924952e+00 1.116254109787003346e+00 1.113305398288953585e+00 1.148802937864835005e+00 1.176764031957497680e+00 1.217068667733218090e+00 1.239801917399382170e+00 1.254594902447587090e+00 1.104683032352136829e+00 9.961613573207213079e-01 9.011231889735481504e-01 8.808790424078950521e-01 8.493972484037363158e-01 8.542985458010187161e-01 8.604558534419470828e-01 8.557130013236028399e-01 8.640187460526692620e-01 8.792615669253687205e-01 8.738472177026965770e-01 8.645227536371149490e-01 8.700889135159316501e-01 8.850878324904140060e-01 8.831518892661833764e-01 8.870929781386415192e-01 8.830944702859955253e-01 8.911275655539402374e-01 8.742436777834441397e-01 8.763576986747434461e-01 8.899838868901811528e-01 8.715976502086790756e-01 9.246085876394585235e-01 9.067728873070862727e-01 8.781089763853417995e-01 9.084338555334415810e-01 8.755239656522687541e-01 8.689866933352402567e-01 8.920726540466228371e-01 9.187221921261118363e-01 9.219016858209569953e-01 9.230110206161294961e-01 8.848894705300517360e-01 9.264270912503568267e-01 9.295975967938282514e-01 9.307678320717626130e-01 9.022821120500149616e-01 9.528091426500930883e-01 9.608821028651223228e-01 9.620819621390973575e-01 9.698092104359427035e-01
1.021922278706522969e+00 1.022556181999684677e+00 1.015079273699818430e+00 1.008351957898440343e+00 1.009560507017040809e+00 1.007947261191992849e+00 9.930616487670963499e-01 1.017090092272971980e+00 1.013149676513686481e+00 1.010776826256954974e+00 1.000056724019636301e+00 9.939020055738636561e-01 1.000286768407643079e+00 9.897793840411184263e-01 1.002779449526335354e+00 9.981674251515912921e-01 1.003121303422461530e+00 1.012103974130639905e+00 1.009847590819635821e+00 1.011701109772056739e+00 1.016953463316994100e+00 1.024582358152891892e+00 1.020470543145906461e+00 1.030483557314202603e+00 1.032254685068562772e+00 1.036613759725823147e+00 1.036571219783559039e+00 1.046962315872460803e+00 1.054822374236163984e+00 1.071466017070115573e+00 1.066223022313770530e+00 1.091390919269045634e+00 1.130902167905448064e+00 1.116931944934858700e+00 1.124265628169777376e+00 1.132208628416244034e+00 1.198993118044563211e+00 1.215731486520348126e+00 1.268472607377228334e+00 1.234647071614384695e+00 1.120155465283084739e+00 9.817732070983337112e-01 9.090214799954857705e-01 8.786854308612743747e-01 8.657740439708880853e-01 8.450724730291097053e-01 8.485674190597328748e-01 8.559522815539228890e-01 8.660608825100495345e-01 8.660481442028382659e-01 8.664865823726219940e-01 8.773958501446216252e-01 8.738207275481210123e-01 8.764361844497143839e-01 8.764173160756277836e-01 8.684414838912940526e-01 8.925675951065848990e-01 8.978865144580133739e-01 8.947512834463221543e-01 8.998593298772205040e-01 8.833986243959301987e-01 8.816272859382012772e-01 8.898390766399184582e-01 9.059721129461932865e-01 8.612104326459970594e-01 8.802153703085824343e-01 8.755113210424969594e-01 9.012117042948899481e-01 9.106796384588203841e-01 9.208846720649320750e-01 9.271974894687188273e-01 9.086851534167929012e-01 9.300616379084656327e-01 9.112447873340758786e-01 9.202796261596399852e-01 9.201986404375507300e-01 9.190338145671788084e-01 9.562667926100199001e-01 9.630258124454483815e-01 9.712604195617243752e-01 9.790432779466388125e-01
1.020082756529802959e+00 1.001567850049813746e+00 9.968855565418927034e-01 1.001109362954579307e+00 1.004162856436522588e+00 1.010307078681448090e+00 9.967202659539183829e-01 1.013149676513686481e+00 9.971593150623826451e-01 9.956855868443673652e-01 1.003939099587828787e+00 9.881298529712728707e-01 9.863938499647010305e-01 9.914535082719571069e-01 9.979852694827191506e-01 9.928644776947311845e-01 1.008751954915367621e+00 1.012711886531931116e+00 1.039644197993811359e+00 1.025805790318078170e+00 1.011583701290607706e+00 1.021019391612790095e+00 1.027745361781391420e+00 1.033271773544775618e+00 1.032587519800528542e+00 1.031543200821876338e+00 1.046968771159574985e+00 1.055609782725331236e+00 1.078999021300352634e+00 1.062003842962497391e+00 1.081746165355217393e+00 1.098571153941438894e+00 1.106781253696710099e+00 1.107086530927596790e+00 1.131520897109764778e+00 1.160207526047252857e+00 1.171909517931327027e+00 1.223315341258160771e+00 1.241874377014255071e+00 1.253485929551053202e+00 1.117372700219952275e+00 9.874766230821766522e-01 8.879023965493747506e-01 8.736608739498930021e-01 8.492555239844827852e-01 8.705944228874488156e-01 8.546709065885678136e-01 8.759347945004181124e-01 8.810392028785498653e-01 8.661458416676814931e-01 8.646871473036786826e-01 8.740900793191284102e-01 8.731059377379227771e-01 8.851031311038186633e-01 8.570702575106371457e-01 8.527242459938515484e-01 8.711147795893308121e-01 8.812149974421381593e-01 8.987248716476182731e-01 8.950169266410945568e-01 8.762397969205383275e-01 8.841215408697360445e-01 9.266470661531253095e-01 8.772363417696590338e-01 8.776871792337168632e-01 8.913661947244786443e-01 8.856124751662025618e-01 9.250381525185914500e-01 9.013015429918593835e-01 8.972811371421703930e-01 9.157189483341251490e-01 9.243477658454941626e-01 8.889580272049608656e-01 9.377839423113473183e-01 9.018846649970686524e-01 9.244091136210217385e-01 9.111959976234360603e-01 9.122163410273779194e-01 9.670440779887460314e-01 9.677519353265409130e-01 9.512198308036075023e-01
1.015759007268485226e+00 1.017311715623856472e+00 1.003256802835979844e+00 9.985460704561236467e-01 1.009115748519109346e+00 1.005604638427163522e+00 9.948872619163011688e-01 1.010776826256954974e+00 9.956855868443673652e-01 1.004772194208834568e+00 9.986255185204113705e-01 1.000345605468837329e+00 9.923227768066621435e-01 9.849598995898521947e-01 9.951963357531278254e-01 1.008100371526034600e+00 1.009310783142276957e+00 1.021210230558439847e+00 1.028217685780247193e+00 1.034432862173207068e+00 1.022410146380159590e+00 1.029669811164800830e+00 1.016537494855698887e+00 1.029302821308281546e+00 1.029886785617788902e+00 1.033707357602184018e+00 1.042588121808563306e+00 1.045367699753392499e+00 1.075884830233279965e+00 1.072044704296726714e+00 1.078178019355608308e+00 1.108457299830466258e+00 1.125732453645210018e+00 1.121178309632029579e+00 1.131960285163027935e+00 1.165426146379919814e+00 1.189906028362461843e+00 1.228879366664397121e+00 1.266328356680656908e+00 1.249094107466705461e+00 1.108744479533239957e+00 9.858159745088187487e-01 9.038497200039190549e-01 8.654154958161182076e-01 8.460123773113288337e-01 8.382157544316048980e-01 8.490104379793215195e-01 8.509637513586320035e-01 8.483477789442099848e-01 8.552354202585457088e-01 8.631600674420786268e-01 8.819311722427138900e-01 8.706946529377488364e-01 8.780485500562720258e-01 8.606304195805765112e-01 8.705888948801252525e-01 8.725254671908715398e-01 8.675033695729836847e-01 8.842992009623016347e-01 8.888026487321691871e-01 8.750041269000686794e-01 9.051138930665004745e-01 8.987932724402909468e-01 9.027841190815862893e-01 8.977053908841629015e-01 8.711872985224732302e-01 8.949722780059645721e-01 8.822209082625226406e-01 8.703038996528602578e-01 9.132898494600891759e-01 8.929577096537054670e-01 9.380224501793628100e-01 9.068949639771988203e-01 9.242916701564244386e-01 9.160318457823911631e-01 9.403451253851539127e-01 9.522023726745773020e-01 9.479934483261387435e-01 9.635448346818706877e-01 9.434340334307075304e-01 9.731550826107253638e-01
1.025217589318589306e+00 1.000522346067776791e+00 9.935039900943891666e-01 1.000891712680588297e+00 1.002408157681730971e+00 1.011920734237330421e+00 9.907321993456442710e-01 1.000056724019636301e+00 1.003939099587828787e+00 9.986255185204113705e-01 1.032903213000107456e+00 9.993489904767860477e-01 1.002772569323309604e+00 1.001912267935717304e+00 1.005109578638316181e+00 1.003351701840332399e+00 1.017427175941071349e+00 1.034569653841114878e+00 1.047078277442142102e+00 1.033094690099171986e+00 1.014482362615440225e+00 1.028968500750461201e+00 1.044226262997483001e+00 1.039003548900284901e+00 1.048549844113576324e+00 1.026413624676459913e+00 1.055296143748408966e+00 1.068963273059163166e+00 1.052126717933018485e+00 1.068470724847103925e+00 1.081477701052860896e+00 1.106965174225491566e+00 1.092800009350607393e+00 1.108848433504819653e+00 1.124441797224234874e+00 1.149526602497733974e+00 1.165411134041354879e+00 1.211668475032350978e+00 1.275206970536712170e+00 1.241323813384841435e+00 1.117745535434146342e+00 1.009977315576209955e+00 9.081116239400454093e-01 8.649844032135791672e-01 8.514923327205814463e-01 8.518513972135220991e-01 8.446492917838228642e-01 8.610554495231677041e-01 8.645501598172206092e-01 8.817144462349246758e-01 8.568737589094039819e-01 8.792265712357710816e-01 8.715431290383374163e-01 8.838833115235517068e-01 8.886457510505003654e-01 8.789131968250107896e-01 8.568751648780067454e-01 8.758102398437972447e-01 8.760413812697213087e-01 8.748023234725534891e-01 8.800130250062981885e-01 8.932657935898431489e-01 9.004077290185933391e-01 9.060274596660458091e-01 8.981505215885132731e-01 8.974425691977494512e-01 8.809950629943877898e-01 8.801994302393559844e-01 8.997239037446429499e-01 8.940560505726069529e-01 9.032999740467489991e-01 9.232874080099526815e-01 8.982390991471825847e-01 9.334667820896462853e-01 9.164459783302483231e-01 9.233378178696892702e-01 9.473092316205149466e-01 9.933255807241267998e-01 9.337255003638423867e-01 9.590021157261245932e-01 9.646681639048588774e-01
1.021787955072872789e+00 1.015186158933774951e+00 1.003251715632361707e+00 1.000814567723422144e+00 1.008051170002825625e+00 1.001508569153386041e+00 9.848507555554726345e-01 9.939020055738636561e-01 9.881298529712728707e-01 1.000345605468837329e+00 9.993489904767860477e-01 9.943853816835471759e-01 1.001511770022466719e+00 1.000082383324981894e+00 1.001255749305651532e+00 1.000389777746831133e+00 1.000359851783700238e+00 1.030294923027144094e+00 1.016386369527047195e+00 1.021894375894047080e+00 1.002364474096300917e+00 1.021413698283807792e+00 1.017128231343445321e+00 1.031370527194110043e+00 1.035418218197413642e+00 1.024571418235887377e+00 1.040512893933006833e+00 1.049681251746771071e+00 1.062922687695609936e+00 1.058472371796929767e+00 1.072141007073844632e+00 1.102976470035232914e+00 1.106960234350621741e+00 1.100770132325207706e+00 1.105068154772993250e+00 1.141109698941302542e+00 1.174427805289591564e+00 1.214851830633400409e+00 1.257773368795148006e+00 1.240867851749547279e+00 1.119670303965446978e+00 9.661438198817764444e-01 8.872888028496521695e-01 8.643688331948922166e-01 8.410072905460747039e-01 8.282594986605226195e-01 8.370075813992865488e-01 8.351854519369144025e-01 8.582570835909071327e-01 8.466509411793747830e-01 8.312484514970615024e-01 8.570303325002475159e-01 8.675272935949476238e-01 8.587450717640509046e-01 8.565629819659863475e-01 8.709818065521093278e-01 8.850841524480557165e-01 8.718650401159393493e-01 8.796583251715106577e-01 8.444886495354950728e-01 8.684914382931391286e-01 8.778047987307868727e-01 8.927992101713391193e-01 8.732837210234554171e-01 8.848703379409283976e-01 9.073843015282612168e-01 8.755300632059828114e-01 8.978342304483987180e-01 8.888224731149005908e-01 8.776363955414738793e-01 9.003158695726082295e-01 8.981057424754577134e-01 9.041230934591932833e-01 8.954804878892297371e-01 9.263939395125582177e-01 9.222860467334507151e-01 9.434638703000992610e-01 9.526457650685218326e-01 9.669719867817099246e-01 9.688819022375166901e-01 9.660672750039147605e-01
1.005201632726252292e+00 1.006400615245061525e+00 9.962056093395795786e-01 1.009810549227825982e+00 1.003692269420303873e+00 1.002656267735824613e+00 9.934045437264381606e-01 1.000286768407643079e+00 9.863938499647010305e-01 9.923227768066621435e-01 1.002772569323309604e+00 1.001511770022466719e+00 9.847975831429131022e-01 1.006777557098438969e+00 9.949562665837480280e-01 1.002166138881543711e+00 1.004886246359934399e+00 1.021527906825201226e+00 1.023921134865314109e+00 1.010526082810025983e+00 1.005141913476472304e+00 1.021334241528249809e+00 1.022931064210663710e+00 1.017826404194290157e+00 1.027538421806030389e+00 1.022541059124615570e+00 1.041213569467359212e+00 1.039680854337561078e+00 1.039446318008711012e+00 1.054755636480558811e+00 1.063127011436338476e+00 1.071834995621042896e+00 1.092503317542304675e+00 1.090978373526080070e+00 1.098504797703417024e+00 1.151047189523902059e+00 1.158903650525822115e+00 1.193184495472013440e+00 1.232764726981984582e+00 1.243226642349337219e+00 1.095640913515665948e+00 9.537921203740671316e-01 8.756597454585560714e-01 8.502424574319175088e-01 8.366435477132149190e-01 8.306586867771129645e-01 8.492431251922762936e-01 8.550070063581203250e-01 8.517341314853579259e-01 8.544193293775663722e-01 8.301736914526910427e-01 8.519141960258980184e-01 8.653614449796516173e-01 8.730708811579671602e-01 8.541264244112354298e-01 8.505179854102242754e-01 8.633717277383493593e-01 8.521983364740430833e-01 8.736677042805146565e-01 9.002831265803198368e-01 8.706816030830423214e-01 8.734868127296196993e-01 8.806053436842690152e-01 8.752891111342012698e-01 8.785415293688797478e-01 8.831041866081681402e-01 8.739269606511437249e-01 8.800532648310755990e-01 8.831565239364880249e-01 8.898008576669865777e-01 9.225317944391394631e-01 9.517770622001081593e-01 8.946035668810250474e-01 9.012657363493293827e-01 8.938026124339422118e-01 9.136512891643413514e-01 9.608227221895867531e-01 9.462510827279170256e-01 9.549440698408778738e-01 9.711067146096062919e-01 9.815114891813919717e-01
1.011341412551462593e+00 1.027095905621965732e+00 1.004899597420030100e+00 9.981218502288181638e-01 1.008345481195915605e+00 1.013748589864443161e+00 9.960294590651224134e-01 9.897793840411184263e-01 9.914535082719571069e-01 9.849598995898521947e-01 1.001912267935717304e+00 1.000082383324981894e+00 1.006777557098438969e+00 1.009330835891211420e+00 9.967437850700666679e-01 9.993535174119732023e-01 1.003242443835192788e+00 1.025648158010001199e+00 1.015609613417782997e+00 1.009736059177181344e+00 9.996887409407694269e-01 1.019465369636242125e+00 1.023174258026333661e+00 1.026683050502500194e+00 1.019929340675547857e+00 1.014208285456577929e+00 1.027629173791907879e+00 1.048920492014130845e+00 1.046995926600132298e+00 1.055203048976250502e+00 1.064811723361174911e+00 1.077972816626950880e+00 1.097838061907944640e+00 1.089242688872783082e+00 1.118479181193991367e+00 1.122467200841137602e+00 1.152531028645124689e+00 1.209134506159651012e+00 1.229049537775458223e+00 1.224716914899284248e+00 1.094066769152300278e+00 9.710457046165538175e-01 8.786371691155058228e-01 8.727660240638782652e-01 8.144038845147512085e-01 8.265740901478296765e-01 8.207695872897849965e-01 8.272610145544274651e-01 8.385206827500044646e-01 8.482972824431632697e-01 8.425513274952878273e-01 8.299020188331004411e-01 8.687588895954750923e-01 8.509216174081173367e-01 8.643431795862029920e-01 8.473105720193866430e-01 8.667502793074030043e-01 8.515611273157647210e-01 8.862658198082448147e-01 8.435819310068783938e-01 8.874822438520849621e-01 8.725869627837401499e-01 8.900427087688039807e-01 8.927475758282205076e-01 8.707245704906461103e-01 8.817872948335085947e-01 8.802066676322182204e-01 8.888753425148274712e-01 9.202122678153490387e-01 8.742219469955968547e-01 9.043752133726392639e-01 9.155155349705514922e-01 9.104292523283246119e-01 8.985198711691957385e-01 9.256543926216689311e-01 9.194753600924676640e-01 9.411805612439855251e-01 9.388618374883112017e-01 9.311612284212348323e-01 9.311132891070681428e-01 9.710397735318109236e-01
1.019656196764469280e+00 1.013294915579062705e+00 9.970636268703833016e-01 9.921018729300526973e-01 1.011450029939889417e+00 9.994919445742921349e-01 9.954221887366122568e-01 1.002779449526335354e+00 9.979852694827191506e-01 9.951963357531278254e-01 1.005109578638316181e+00 1.001255749305651532e+00 9.949562665837480280e-01 9.967437850700666679e-01 9.977009622750759865e-01 1.017418371541769506e+00 1.007811286034280940e+00 1.022464757794529167e+00 1.016266387583548036e+00 1.013802795483075059e+00 1.004191114586837186e+00 1.008682901923926512e+00 1.011821465186201197e+00 1.025751837565154867e+00 1.023567614054533115e+00 1.021508162217419136e+00 1.030395669913535039e+00 1.034500137522531338e+00 1.040795689149830672e+00 1.044915775011570069e+00 1.065641620369194520e+00 1.066103521321814851e+00 1.073943650913538939e+00 1.074821790194763205e+00 1.096476800092159420e+00 1.134919866680845768e+00 1.140997168476646895e+00 1.182603955302222287e+00 1.235079539932921522e+00 1.228404526733802404e+00 1.076660510984480235e+00 9.587971626155432636e-01 8.767045022195738557e-01 8.439401580323939722e-01 8.206521744019288356e-01 8.126504573537156606e-01 8.361403035088318392e-01 8.217572162781296985e-01 8.394052541189732652e-01 8.316620757516330897e-01 8.516073047747004798e-01 8.510481590473684133e-01 8.410811098997470481e-01 8.619959498300689971e-01 8.409332534967696171e-01 8.436355576320567762e-01 8.512007713187657032e-01 8.628512770305623025e-01 8.934988976547083572e-01 8.765905880696476249e-01 8.681656041916495647e-01 8.584920028708968864e-01 8.813652126726919667e-01 8.842903669978432468e-01 8.631628598140038688e-01 8.711511985687617754e-01 8.695564616653430612e-01 8.876460172431036577e-01 9.002815129811970740e-01 8.967361371242731360e-01 9.229614280443212415e-01 9.160233078324325762e-01 8.982180070147883777e-01 9.386032457984301303e-01 9.099893518154044125e-01 9.267974002421874857e-01 9.260980270365567479e-01 9.212155300176531059e-01 9.632943742139896681e-01 9.695819802410099442e-01 9.478204510858428966e-01
1.029836973837725100e+00 1.026220395152743770e+00 1.007189207722258617e+00 1.013846739258557728e+00 1.009271557082465298e+00 1.012860086695678286e+00 9.903963744832425808e-01 9.981674251515912921e-01 9.928644776947311845e-01 1.008100371526034600e+00 1.003351701840332399e+00 1.000389777746831133e+00 1.002166138881543711e+00 9.993535174119732023e-01 1.017418371541769506e+00 9.862198677971575345e-01 9.926979352566297488e-01 1.010765536650196195e+00 1.006615058991346734e+00 1.000776181896898320e+00 1.000869174479089629e+00 1.006831951984763940e+00 1.011850479717678608e+00 1.014407707439423767e+00 1.024992885698698952e+00 1.011030463501567001e+00 1.025805107263264127e+00 1.021252820510243575e+00 1.035864630893746696e+00 1.028886237436690276e+00 1.051420469042862793e+00 1.062312775321238689e+00 1.066861891301532639e+00 1.073859978914221802e+00 1.095840295777461115e+00 1.118884608472319853e+00 1.135544835029821620e+00 1.199947385628929108e+00 1.230782620180935316e+00 1.209171535718237767e+00 1.091030635320862530e+00 9.451303799798845828e-01 8.684077638099114704e-01 8.343455572494684613e-01 8.179123291572979459e-01 8.157030485813339116e-01 8.303905590471368781e-01 8.215054000255883615e-01 8.297527899790084760e-01 8.479729883596559548e-01 8.294611663069318963e-01 8.408392721425537175e-01 8.415852492842736954e-01 8.672231206558536076e-01 8.615674994335961179e-01 8.592170486552359598e-01 8.463838527135834067e-01 8.623036132411835419e-01 8.771310110773842261e-01 8.655782904631087460e-01 8.689062747624243244e-01 8.793414590787579366e-01 8.773016860058008293e-01 8.903942164194817988e-01 8.850098697154668015e-01 8.802104734706920341e-01 8.648572366192626149e-01 8.875916093757688641e-01 8.953784219816218748e-01 8.784825992005218520e-01 8.924371476255152924e-01 9.060639492143444107e-01 8.976277820746765279e-01 9.125577883988014172e-01 9.212277518199692983e-01 9.268151629858374374e-01 9.301793580943145123e-01 9.158565332195138797e-01 9.435074000335910149e-01 9.417524048275325299e-01 9.539903887035308117e-01
1.036688212399662357e+00 1.031216907775815761e+00 1.010581801542554281e+00 1.027273631394869824e+00 1.024664625624868597e+00 1.016530600174309074e+00 1.008400384324439791e+00 1.003121303422461530e+00 1.008751954915367621e+00 1.009310783142276957e+00 1.017427175941071349e+00 1.000359851783700238e+00 1.004886246359934399e+00 1.003242443835192788e+00 1.007811286034280940e+00 9.926979352566297488e-01 9.723091105973884485e-01 1.011690908495009422e+00 1.002346558533039333e+00 9.967491231434570942e-01 9.872306489895440462e-01 1.000754118078765131e+00 1.005595536297415160e+00 1.005571518728521241e+00 1.016129932107716405e+00 1.010584745139441187e+00 1.016556081557744795e+00 1.023112773881829529e+00 1.021251284085283206e+00 1.032071666265955479e+00 1.041169283721774530e+00 1.058557579264489235e+00 1.049046237378462587e+00 1.064275782493664169e+00 1.069264887363788663e+00 1.103993572795761269e+00 1.126492649704626592e+00 1.169731648908955313e+00 1.211853709231576204e+00 1.217205496386122743e+00 1.066023349787942109e+00 9.388616206732379732e-01 8.375556229364613525e-01 8.291183731173987770e-01 8.163300521601692950e-01 8.077538980566453253e-01 8.039868680270931822e-01 8.158902886221446327e-01 8.337464070417742734e-01 8.330284729771205710e-01 8.341868043640905395e-01 8.292998691772560660e-01 8.291226948051484413e-01 8.577257815584803380e-01 8.500849662119909222e-01 8.325740165117043734e-01 8.359916989080472538e-01 8.572092473175486615e-01 8.582984042418894122e-01 8.466585002834386975e-01 8.441897720653531723e-01 8.658000317589097383e-01 8.731254901074539942e-01 8.830247175482162092e-01 8.714306540087637387e-01 8.687591943051441445e-01 8.521928214736135265e-01 8.823607484250419741e-01 8.739695039602531912e-01 9.009239400910324935e-01 8.789328839718542064e-01 8.786053715295244482e-01 9.053492474223044928e-01 8.776153549606517945e-01 9.243370923380478388e-01 9.076194652290118237e-01 8.956831501946982410e-01 9.028955968361899176e-01 9.537614705135235571e-01 9.211950651033209425e-01 9.783351825708379579e-01
1.052777171270570911e+00 1.058619103689091068e+00 1.044962647307664305e+00 1.050281058818209434e+00 1.045907134611508305e+00 1.041232356536657022e+00 1.027514597666544072e+00 1.012103974130639905e+00 1.012711886531931116e+00 1.021210230558439847e+00 1.034569653841114878e+00 1.030294923027144094e+00 1.021527906825201226e+00 1.025648158010001199e+00 1.022464757794529167e+00 1.010765536650196195e+00 1.011690908495009422e+00 1.009747861916036271e+00 1.017306557124707522e+00 1.008212045296203785e+00 1.006624821058375696e+00 1.026793881999672919e+00 1.034203512418909954e+00 1.020161727142335328e+00 1.039494690266743682e+00 1.018352353317978354e+00 1.034853674333459983e+00 1.027188224272683970e+00 1.034121096773618520e+00 1.058208677259023123e+00 1.054779000457450433e+00 1.068729818822130584e+00 1.085017220291104589e+00 1.093248751214113801e+00 1.092298850135292820e+00 1.132918967051765868e+00 1.140483265988533113e+00 1.203607677811370014e+00 1.254658022018731112e+00 1.234515352667844290e+00 1.084025741190761893e+00 9.514640921045498523e-01 8.669382469527919799e-01 8.396882142403937488e-01 8.134953721387276904e-01 8.063041355255484710e-01 8.261257389275251661e-01 8.195451501644103187e-01 8.236861097750445282e-01 8.297424051342824347e-01 8.236440481947042702e-01 8.414061861622366134e-01 8.520465626769915257e-01 8.627842439081525594e-01 8.429854587339464800e-01 8.442834722325839314e-01 8.491700657490013349e-01 8.478040537444235802e-01 8.620989756069967758e-01 8.921826173998571585e-01 8.724843167413113276e-01 8.733703731644246737e-01 8.870673502337701466e-01 8.671511884424234484e-01 8.749234541254256037e-01 8.796124794604418540e-01 8.558055014634097235e-01 8.731779762075134732e-01 8.838621529214681916e-01 8.954881317155036768e-01 8.769627079819598547e-01 8.907598883286736990e-01 8.891260648274935674e-01 9.099065792065279545e-01 9.152135585793010897e-01 9.383591901256692625e-01 8.982980951036311223e-01 9.107140997941410854e-01 9.275037542503400401e-01 9.717121344217645174e-01 9.354665742206145218e-01
1.053855717728700458e+00 1.045827665463629375e+00 1.022801941508792334e+00 1.047515538762146425e+00 1.043853656949523812e+00 1.050503450267834538e+00 1.024322340351414340e+00 1.009847590819635821e+00 1.039644197993811359e+00 1.028217685780247193e+00 1.047078277442142102e+00 1.016386369527047195e+00 1.023921134865314109e+00 1.015609613417782997e+00 1.016266387583548036e+00 1.006615058991346734e+00 1.002346558533039333e+00 1.017306557124707522e+00 1.016765340259148775e+00 1.012777166151843877e+00 1.013506641957322207e+00 1.027352062719048220e+00 1.027268351160139259e+00 1.024888089097083288e+00 1.021193270940356612e+00 1.017479539847518266e+00 1.035701379287685242e+00 1.023653106815441527e+00 1.039290585185375759e+00 1.041423044703289502e+00 1.057195079585048658e+00 1.066749070838001190e+00 1.085811381069925252e+00 1.079436897911564275e+00 1.093659580347453142e+00 1.128473933842341737e+00 1.151472082129266772e+00 1.189018220081729638e+00 1.223776305701589129e+00 1.226130549063610076e+00 1.089489292301488055e+00 9.538821738277581952e-01 8.684851246187796914e-01 8.318118048602685111e-01 8.192174636049773806e-01 8.062413458985449033e-01 8.186716353307036398e-01 8.131974590268282732e-01 8.158917559194169833e-01 8.324049311887564695e-01 8.292519808613875165e-01 8.296535260164054071e-01 8.351009782533300729e-01 8.536377720679276804e-01 8.407597570434056644e-01 8.385538152151095215e-01 8.511530716744285519e-01 8.571453096287433571e-01 8.709772145844673075e-01 8.835921457642251786e-01 8.587090405293191786e-01 8.801991611745992872e-01 8.758744625705792153e-01 8.986877430975432901e-01 8.883539444688288711e-01 8.577226381050867543e-01 8.869396946413891092e-01 8.705155527502073110e-01 9.043503591008714704e-01 8.904146697267150135e-01 8.947499149018269815e-01 8.794634371254478333e-01 9.115710596240808039e-01 8.937062759225273822e-01 8.734208686188040804e-01 9.247970432354620796e-01 9.167594534403484818e-01 9.255792210250108898e-01 9.457949246495198636e-01 9.645340778757407474e-01 9.650437992437992385e-01
