9.819426879523533991e-01 9.990688920259515049e-01 1.025674954821147011e+00 9.910105360032787081e-01 1.035619672302543703e+00 1.039522884546756565e+00 1.029769889534531968e+00 9.927525671693331333e-01 9.894569955831685748e-01 1.090692835910031189e+00 9.371450736477037191e-01 1.021589092324839632e+00 1.013754307576889779e+00 1.041786702832660616e+00 8.960248612585886008e-01 9.271874260659596079e-01 9.693511620470682821e-01 9.067959534285136014e-01 9.703373443713600999e-01 1.021239170398186680e+00 9.421041826461451496e-01 1.015193712530295000e+00 9.633053391793121589e-01 8.961503279214821927e-01 9.823577702335423156e-01 9.232245685683919678e-01 9.517010769037104190e-01 9.402302824843952189e-01 9.671786150413337335e-01 9.080997915811088728e-01 9.158028599316438978e-01 9.515459547196400969e-01 9.964771462878740937e-01 9.297336881147807430e-01 8.709501793074408971e-01 9.106141026541696437e-01 8.252860916550018855e-01 9.457689733920264796e-01 7.654464967489021943e-01 8.163375990961259099e-01 8.569999145403557339e-01
9.990688920259515049e-01 9.942235070660314644e-01 1.059495265633897176e+00 1.004445250895564801e+00 9.726402361986675738e-01 9.692114752006285583e-01 9.534293452022202242e-01 1.041091059340842895e+00 1.017077221989572955e+00 1.014164288265616998e+00 1.044828673142371045e+00 9.758320287467810994e-01 8.768652689888376539e-01 9.704074431989287985e-01 9.539498670083839116e-01 9.861176051899880335e-01 9.786136398865216135e-01 9.234491303907091941e-01 1.013285823676250752e+00 8.970295548365112559e-01 9.310624199764930831e-01 9.814585990990932762e-01 1.016789477943363718e+00 8.249711458694712896e-01 8.929565288662779654e-01 9.943109247281048946e-01 1.037688034901926404e+00 9.084415736699986699e-01 9.733647614498921463e-01 9.829363854583083038e-01 1.022498304300177630e+00 9.815811213540207580e-01 1.022720417480907917e+00 8.946245140562605336e-01 9.002838142774050034e-01 8.808327864289192677e-01 8.464982223479079471e-01 9.602628497650901318e-01 7.592275435966634456e-01 8.872131101947569043e-01 8.400048682356463514e-01
1.025674954821147011e+00 1.059495265633897176e+00 1.258119914189927302e+00 1.139773028569357249e+00 1.009133341934002281e+00 1.039527552916140074e+00 9.557149848784587398e-01 9.678935777029198384e-01 1.052345216657583293e+00 1.014713735739925848e+00 9.490609488889767409e-01 1.038819615322926548e+00 9.515277730167368553e-01 9.813325356516977571e-01 9.648709417136368538e-01 1.018255442420254342e+00 1.041265745835144418e+00 9.645348406082918657e-01 8.601235005647207554e-01 9.254555391450247637e-01 9.338212332324541398e-01 9.135611685630621315e-01 9.336608083749691200e-01 1.055390950687137952e+00 9.174186783720711391e-01 9.578866741194725920e-01 9.511191974217936274e-01 9.949198503589212761e-01 1.003702599993862465e+00 9.397596232456619791e-01 7.925299566970777088e-01 9.377008494962755236e-01 9.548267899367988143e-01 9.273060397537415955e-01 7.959114284260628835e-01 9.595532571578521130e-01 9.485304864219133991e-01 8.820590490156612340e-01 9.825016519031739559e-01 8.800509464624075573e-01 8.488491928654960939e-01
9.910105360032787081e-01 1.004445250895564801e+00 1.139773028569357249e+00 1.097417822158670342e+00 1.064187566200235580e+00 9.881778595509188579e-01 1.038688452592890998e+00 9.918936248028229485e-01 1.014099580465535277e+00 9.898028045008324671e-01 1.024556520568136619e+00 9.529798073745857634e-01 1.084943048360059059e+00 9.918521164509197519e-01 9.585471436559571679e-01 1.055270182124208755e+00 1.000610266763853229e+00 9.360710044381015393e-01 9.039700131460325361e-01 1.014686412680841698e+00 9.848427834310301554e-01 9.648028363817480191e-01 9.895347171745667580e-01 9.774030842857451828e-01 1.014215157209089835e+00 8.519276104079026579e-01 1.021522448790107562e+00 1.005141117068750534e+00 9.934974113774189819e-01 9.750290781654282757e-01 9.193954921153519866e-01 1.049002081869640390e+00 1.031753424484555204e+00 1.005503167486285543e+00 9.729702307624066293e-01 9.943370654738628023e-01 9.475633434929124910e-01 8.642237303617477107e-01 8.617416767731750360e-01 9.168073762064686827e-01 9.374722780548340184e-01
1.035619672302543703e+00 9.726402361986675738e-01 1.009133341934002281e+00 1.064187566200235580e+00 1.068844005969962208e+00 9.614336716631692870e-01 1.023432328935403701e+00 9.810574827702635003e-01 1.034123538540208109e+00 1.033932705400445906e+00 9.712578702297351985e-01 1.042410271199051719e+00 1.001529278162721193e+00 9.437595460149449389e-01 9.987343279294577103e-01 1.012773654754729691e+00 9.812678969242969451e-01 1.017922095226432511e+00 1.013287381238933582e+00 9.219507917368982008e-01 9.422906485370243779e-01 1.024459225172883903e+00 9.614559383192082809e-01 1.003174728634002033e+00 9.199337828470044442e-01 1.064907190927485203e+00 9.384060116232392224e-01 8.914426678433496898e-01 9.816697150072085654e-01 9.739247842762548402e-01 1.022468136492773239e+00 9.663460175585264489e-01 9.783356412348326314e-01 1.001155060886084858e+00 8.244257085633177606e-01 9.650120583730736890e-01 9.360722835094992256e-01 8.808384667779199928e-01 9.432421269856803292e-01 9.339063200281713106e-01 9.823065431319047969e-01
1.039522884546756565e+00 9.692114752006285583e-01 1.039527552916140074e+00 9.881778595509188579e-01 9.614336716631692870e-01 1.051210105925567850e+00 1.088267205994511544e+00 9.574682939159654405e-01 1.027137467452028829e+00 1.034873246176674755e+00 1.007633081950428888e+00 9.778392921876275512e-01 1.032746602862508301e+00 9.844577412829399465e-01 9.251834973288741715e-01 9.588952920022794091e-01 9.346671860470551207e-01 9.358557140356740245e-01 9.551849967721143253e-01 1.000320363316627326e+00 1.039461060743926968e+00 9.712201129349010698e-01 9.973350913192760014e-01 9.864448997610985037e-01 8.823206436053423474e-01 9.459827104124874930e-01 9.826549154494100824e-01 9.026577309501804258e-01 9.434891786843581096e-01 9.845398243771239510e-01 9.533439231994763619e-01 9.343131673840087137e-01 9.270251930912398741e-01 9.210621907198410785e-01 9.494071016309150179e-01 8.559538054508842864e-01 9.088789655977758120e-01 9.020732222792955390e-01 9.839761319539002127e-01 9.751275921407844827e-01 8.024088340133461728e-01
1.029769889534531968e+00 9.534293452022202242e-01 9.557149848784587398e-01 1.038688452592890998e+00 1.023432328935403701e+00 1.088267205994511544e+00 1.026433561041150799e+00 1.015512843167030832e+00 1.026721873101128280e+00 1.026861130668870858e+00 1.053800350612650982e+00 9.892643769212760008e-01 9.834793341274524758e-01 9.942025430252001694e-01 9.415258627111131595e-01 1.086377385953902763e+00 1.000970252658434090e+00 8.996997835975287794e-01 1.022293459866545851e+00 1.080666586204705792e+00 9.836212181517228759e-01 9.412936735601528104e-01 1.008168187341821564e+00 9.249679704804848468e-01 9.135770580542323938e-01 1.008859842084087077e+00 9.543934864226887305e-01 1.022413482884040770e+00 1.029701369947606526e+00 1.011825236892937241e+00 9.616035805482168186e-01 1.006376873723759058e+00 1.026546519549126124e+00 9.056742824569969930e-01 9.228349873787131674e-01 9.487995915896427768e-01 9.881070164835469294e-01 8.712958527001792852e-01 9.385600561264204611e-01 9.587117506882645301e-01 8.318176816671039031e-01
9.927525671693331333e-01 1.041091059340842895e+00 9.678935777029198384e-01 9.918936248028229485e-01 9.810574827702635003e-01 9.574682939159654405e-01 1.015512843167030832e+00 1.042690346619433939e+00 1.079613111821793092e+00 1.023315307998293511e+00 9.710054062371962225e-01 9.746839733152272700e-01 9.763344131265546677e-01 1.023861102083977848e+00 9.255145637699732086e-01 1.014883587726880476e+00 9.763896317483623521e-01 9.758994021202428426e-01 1.034168701349001740e+00 1.014715164312687934e+00 9.708224850113404969e-01 9.943852342707852898e-01 9.924890056142452455e-01 9.360960201563721661e-01 1.012953648322587163e+00 9.591788209773607354e-01 1.011091741703658675e+00 9.643576485107069329e-01 9.744516744138094211e-01 9.495513351966617943e-01 1.048583628353616293e+00 9.841248330378007392e-01 9.618179039123895269e-01 8.818412241862447765e-01 9.030728604767668255e-01 9.400468448931240673e-01 9.611761824598634707e-01 9.015259352734918963e-01 9.198266759545634663e-01 8.853066854280396969e-01 8.834966559490328164e-01
9.894569955831685748e-01 1.017077221989572955e+00 1.052345216657583293e+00 1.014099580465535277e+00 1.034123538540208109e+00 1.027137467452028829e+00 1.026721873101128280e+00 1.079613111821793092e+00 1.125013965015380979e+00 1.228646065871983772e+00 1.016204770545590774e+00 1.034854470595942377e+00 1.051703064169939195e+00 1.074929369914421340e+00 1.006092657518763200e+00 9.778142289191219527e-01 1.025872993545726475e+00 1.031805828144714443e+00 9.619229699009246293e-01 9.872244964971472747e-01 1.011812525484793834e+00 9.546720864023489073e-01 9.999593388086577272e-01 1.025758673621490757e+00 9.679432715515788876e-01 9.781344592152524386e-01 1.070334149931274181e+00 1.026233766928458913e+00 9.254606703479435481e-01 1.010034327282354427e+00 1.115862274195246195e+00 9.690635849547444280e-01 1.013320154371633031e+00 8.571915777496800226e-01 1.077739023536745000e+00 9.409697317880473255e-01 8.860085062412491608e-01 8.811731519298433568e-01 8.593712638627973854e-01 9.054558751848600373e-01 8.900131006537114198e-01
1.090692835910031189e+00 1.014164288265616998e+00 1.014713735739925848e+00 9.898028045008324671e-01 1.033932705400445906e+00 1.034873246176674755e+00 1.026861130668870858e+00 1.023315307998293511e+00 1.228646065871983772e+00 1.136707932947991218e+00 1.073553343368164326e+00 9.756648807151401259e-01 1.022842230802567309e+00 1.014559842053122107e+00 9.990925061497152315e-01 9.914331678716091778e-01 9.708624540840838923e-01 9.977745392157473248e-01 1.057710305233004577e+00 9.318395793362510560e-01 1.025239525220744685e+00 9.836625331421936513e-01 1.049831678030509252e+00 9.458981797294598870e-01 1.021135656008329118e+00 1.015279416295453263e+00 1.016104029218627414e+00 9.546634211146778348e-01 1.090458658577413642e+00 1.053333958631219813e+00 1.020459180608993766e+00 9.904340548657394327e-01 1.042237899427777670e+00 9.095736105494738322e-01 1.003843600663646862e+00 1.005369512902164031e+00 9.321618403506456429e-01 9.722965131465073352e-01 9.470887239533561930e-01 8.741865682143987737e-01 8.332193559694680562e-01
9.371450736477037191e-01 1.044828673142371045e+00 9.490609488889767409e-01 1.024556520568136619e+00 9.712578702297351985e-01 1.007633081950428888e+00 1.053800350612650982e+00 9.710054062371962225e-01 1.016204770545590774e+00 1.073553343368164326e+00 1.080106430139746276e+00 1.062478887412693584e+00 1.029044609563423140e+00 1.025826442455086918e+00 1.007363207959306006e+00 1.029633955074643392e+00 1.057682726145763530e+00 9.601405246606856680e-01 9.934334322085964786e-01 1.031439245266108085e+00 9.665098086640808717e-01 1.039392324020780967e+00 9.942596755154118338e-01 1.022551469745915265e+00 1.044708380170247919e+00 9.725108028608941968e-01 1.008147514087784247e+00 9.240324547597976723e-01 1.029638167464256959e+00 1.032565198526492534e+00 9.149181779294489614e-01 9.193304430994913012e-01 9.524946184080740341e-01 9.001709414958020128e-01 1.000139192026892054e+00 9.685871358006087339e-01 1.000444057857337921e+00 9.099957121889409306e-01 9.371499065288244612e-01 9.326421523990791052e-01 8.976615856912530944e-01
1.021589092324839632e+00 9.758320287467810994e-01 1.038819615322926548e+00 9.529798073745857634e-01 1.042410271199051719e+00 9.778392921876275512e-01 9.892643769212760008e-01 9.746839733152272700e-01 1.034854470595942377e+00 9.756648807151401259e-01 1.062478887412693584e+00 1.101037619595744532e+00 1.063860940480346073e+00 9.897251300827603071e-01 1.050087591676060583e+00 1.041477324112486391e+00 9.933654771627525859e-01 1.037132569400548432e+00 9.656328774101186063e-01 1.039299197526389884e+00 9.384527531885649143e-01 1.019540335299282896e+00 1.031674499145798451e+00 1.008262161226765041e+00 1.109249626709109426e+00 1.093502456760442332e+00 9.813799627696834227e-01 1.001370021560573864e+00 1.047592157704727800e+00 1.008036751442999091e+00 1.061623627206181197e+00 9.817543673633869483e-01 9.568502519711181709e-01 9.866169981185460847e-01 9.087562370052439942e-01 9.494664266185990353e-01 1.068940137033647320e+00 1.066832062983269047e+00 9.263136251423432777e-01 8.626750218201723053e-01 1.016380408372476785e+00
1.013754307576889779e+00 8.768652689888376539e-01 9.515277730167368553e-01 1.084943048360059059e+00 1.001529278162721193e+00 1.032746602862508301e+00 9.834793341274524758e-01 9.763344131265546677e-01 1.051703064169939195e+00 1.022842230802567309e+00 1.029044609563423140e+00 1.063860940480346073e+00 1.125045110986295782e+00 1.191595406571840154e+00 1.033013944230759318e+00 1.020878773827889940e+00 1.058760769591053474e+00 9.782545980686603304e-01 9.924305768378742787e-01 9.956395267738176180e-01 9.718374508099932862e-01 1.084397858271793469e+00 1.002571589501148663e+00 1.031242855487555232e+00 1.029817764550816195e+00 1.000620876829134920e+00 1.000501916280725379e+00 1.049692690020479713e+00 9.332667029759468269e-01 1.102134967797664178e+00 9.640040466029963229e-01 1.031864616746925201e+00 1.002985498939682474e+00 9.998918496621289620e-01 9.634542178428394665e-01 1.011847752440203863e+00 1.005837134627609597e+00 9.902853148775379033e-01 9.173619327195644546e-01 9.619533559587738480e-01 9.340891970887349460e-01
1.041786702832660616e+00 9.704074431989287985e-01 9.813325356516977571e-01 9.918521164509197519e-01 9.437595460149449389e-01 9.844577412829399465e-01 9.942025430252001694e-01 1.023861102083977848e+00 1.074929369914421340e+00 1.014559842053122107e+00 1.025826442455086918e+00 9.897251300827603071e-01 1.191595406571840154e+00 1.045971462976637900e+00 1.016482698978036892e+00 1.002204746650852796e+00 1.008456897670898300e+00 9.883746596697892128e-01 1.032899074791327587e+00 1.055489499062866487e+00 9.676595172037523174e-01 1.023198296213175373e+00 1.023186143157191141e+00 9.798317047800713109e-01 9.691620496566197840e-01 1.011937595962753678e+00 1.022757337749798712e+00 9.843530504824290484e-01 1.066782417613979961e+00 1.004618719687996764e+00 9.726951893166254637e-01 9.841909480782168318e-01 1.002253560330983451e+00 9.690669609389730432e-01 9.603540933641110389e-01 9.015984985598379797e-01 9.927583372546092688e-01 1.000373319325110977e+00 1.000298102552263479e+00 8.783509028457782142e-01 8.743705794245980600e-01
8.960248612585886008e-01 9.539498670083839116e-01 9.648709417136368538e-01 9.585471436559571679e-01 9.987343279294577103e-01 9.251834973288741715e-01 9.415258627111131595e-01 9.255145637699732086e-01 1.006092657518763200e+00 9.990925061497152315e-01 1.007363207959306006e+00 1.050087591676060583e+00 1.033013944230759318e+00 1.016482698978036892e+00 9.585471164643772912e-01 1.011256427021105297e+00 1.054178357711937686e+00 1.017790101358001742e+00 1.024235677324313087e+00 1.022539217181926530e+00 9.660144867058128026e-01 1.027352597465442052e+00 9.956211338443006209e-01 1.039287841497096077e+00 1.070083864220182202e+00 1.099392258063309757e+00 1.029216676908946360e+00 9.477104077012533656e-01 9.960739789805190814e-01 9.713845970156506082e-01 1.008004689375649576e+00 1.104066727668487902e+00 1.055747087354264035e+00 9.120658012385641777e-01 9.972652033515443382e-01 9.213254525014589191e-01 9.547737530539779360e-01 8.689931522435713207e-01 8.964925550661381193e-01 9.085044662665608950e-01 9.607932335507266552e-01
9.271874260659596079e-01 9.861176051899880335e-01 1.018255442420254342e+00 1.055270182124208755e+00 1.012773654754729691e+00 9.588952920022794091e-01 1.086377385953902763e+00 1.014883587726880476e+00 9.778142289191219527e-01 9.914331678716091778e-01 1.029633955074643392e+00 1.041477324112486391e+00 1.020878773827889940e+00 1.002204746650852796e+00 1.011256427021105297e+00 1.093211350741485122e+00 1.064112303864468867e+00 1.015883151191216305e+00 9.878460197886506089e-01 1.082544682073954379e+00 1.027190669351961905e+00 1.006266796125745877e+00 1.130680164566986168e+00 9.594826545537695761e-01 9.637947021819474047e-01 1.048297102973932082e+00 1.044720434287978561e+00 1.100718180187698625e+00 1.018768187946358594e+00 1.011651122593432817e+00 1.043969249642875186e+00 1.060362526114838833e+00 9.804103966407683446e-01 1.074763966267088700e+00 9.985696087259455789e-01 9.809146273025689533e-01 9.442393054661084584e-01 1.021493572539120986e+00 9.500271750313314945e-01 9.349196254874099221e-01 9.885360992529048652e-01
9.693511620470682821e-01 9.786136398865216135e-01 1.041265745835144418e+00 1.000610266763853229e+00 9.812678969242969451e-01 9.346671860470551207e-01 1.000970252658434090e+00 9.763896317483623521e-01 1.025872993545726475e+00 9.708624540840838923e-01 1.057682726145763530e+00 9.933654771627525859e-01 1.058760769591053474e+00 1.008456897670898300e+00 1.054178357711937686e+00 1.064112303864468867e+00 9.413029424325157768e-01 1.046562917357596767e+00 1.032033493934641166e+00 1.040382777226969369e+00 9.873373089968113803e-01 1.011008125176426464e+00 1.043756368997680317e+00 1.019554901088760346e+00 1.002361148284884207e+00 9.716888992913395029e-01 1.019297325843363966e+00 1.069636961101229078e+00 9.700273049331485931e-01 9.851021988014611042e-01 9.713018108535004247e-01 1.041786841104720862e+00 9.647002187270768969e-01 1.051676310809626091e+00 9.861920273353478317e-01 9.684072919913140343e-01 9.577480474432499280e-01 9.738580056059489287e-01 9.118088468036318339e-01 1.005554640673110178e+00 9.768853110725089772e-01
9.067959534285136014e-01 9.234491303907091941e-01 9.645348406082918657e-01 9.360710044381015393e-01 1.017922095226432511e+00 9.358557140356740245e-01 8.996997835975287794e-01 9.758994021202428426e-01 1.031805828144714443e+00 9.977745392157473248e-01 9.601405246606856680e-01 1.037132569400548432e+00 9.782545980686603304e-01 9.883746596697892128e-01 1.017790101358001742e+00 1.015883151191216305e+00 1.046562917357596767e+00 1.038352969440031526e+00 9.444230553534542771e-01 1.053048636160739626e+00 1.047120954073736288e+00 1.017784077659708908e+00 1.000489232466979628e+00 9.629987601801835995e-01 9.571408786630797305e-01 1.008932856738018913e+00 9.985338191318913204e-01 9.311882905744084393e-01 9.613969180594118535e-01 1.017403426795506771e+00 9.286400930989963109e-01 9.950271057573879530e-01 9.972366970518738993e-01 9.875370558640595986e-01 1.007814580735293175e+00 9.134934272211079342e-01 9.803457338348140482e-01 9.742298074833658506e-01 9.433597306912466784e-01 9.583156909202080742e-01 1.037833026845140116e+00
9.703373443713600999e-01 1.013285823676250752e+00 8.601235005647207554e-01 9.039700131460325361e-01 1.013287381238933582e+00 9.551849967721143253e-01 1.022293459866545851e+00 1.034168701349001740e+00 9.619229699009246293e-01 1.057710305233004577e+00 9.934334322085964786e-01 9.656328774101186063e-01 9.924305768378742787e-01 1.032899074791327587e+00 1.024235677324313087e+00 9.878460197886506089e-01 1.032033493934641166e+00 9.444230553534542771e-01 9.857886425821728027e-01 1.046077101225898698e+00 1.032008119090216391e+00 1.039699278340111999e+00 1.037956363029063134e+00 1.027822685722164175e+00 1.018451671917084633e+00 1.035155005126684680e+00 9.974463822238811561e-01 1.024784225075529243e+00 1.027032672605703745e+00 9.857428858425829610e-01 9.494969010431657530e-01 1.031068672777618822e+00 1.021591448065997554e+00 9.984534392088779686e-01 9.867688621908856650e-01 1.016372790040967811e+00 8.746949012813587387e-01 1.015921748904082378e+00 8.689733683607843151e-01 9.663414033078315812e-01 8.790831875566413878e-01
1.021239170398186680e+00 8.970295548365112559e-01 9.254555391450247637e-01 1.014686412680841698e+00 9.219507917368982008e-01 1.000320363316627326e+00 1.080666586204705792e+00 1.014715164312687934e+00 9.872244964971472747e-01 9.318395793362510560e-01 1.031439245266108085e+00 1.039299197526389884e+00 9.956395267738176180e-01 1.055489499062866487e+00 1.022539217181926530e+00 1.082544682073954379e+00 1.040382777226969369e+00 1.053048636160739626e+00 1.046077101225898698e+00 1.070389829727953934e+00 1.077616016416727884e+00 1.083646092230248659e+00 1.016952789821967462e+00 1.049034060783894606e+00 1.010956665907015939e+00 1.041625842333517848e+00 1.096542886920950810e+00 1.067651401845694847e+00 1.007377909651084202e+00 1.113421379201537054e+00 1.015879252946123801e+00 9.313667201236197624e-01 1.060014027038628903e+00 1.027840810048306963e+00 9.297385365397620172e-01 9.615353859821452742e-01 1.012164149266614910e+00 9.231379214958939095e-01 9.495055486943301259e-01 9.482738867032314278e-01 9.580101877987624581e-01
9.421041826461451496e-01 9.310624199764930831e-01 9.338212332324541398e-01 9.848427834310301554e-01 9.422906485370243779e-01 1.039461060743926968e+00 9.836212181517228759e-01 9.708224850113404969e-01 1.011812525484793834e+00 1.025239525220744685e+00 9.665098086640808717e-01 9.384527531885649143e-01 9.718374508099932862e-01 9.676595172037523174e-01 9.660144867058128026e-01 1.027190669351961905e+00 9.873373089968113803e-01 1.047120954073736288e+00 1.032008119090216391e+00 1.077616016416727884e+00 1.062705088521904928e+00 1.071794310305728803e+00 9.926333566670583197e-01 1.024198101711312869e+00 1.073660426844323723e+00 1.000562300594030951e+00 1.007887718082677742e+00 9.892776112570469405e-01 1.027815075236844677e+00 9.691227693390900289e-01 1.043428526819862645e+00 1.053967313976753140e+00 1.051626188017584562e+00 9.642689474808167072e-01 9.692921558729812315e-01 1.016399852015652749e+00 9.906424227926385884e-01 9.469838159228775032e-01 9.243099580323128617e-01 8.782465189783489334e-01 9.659766874586325214e-01
1.015193712530295000e+00 9.814585990990932762e-01 9.135611685630621315e-01 9.648028363817480191e-01 1.024459225172883903e+00 9.712201129349010698e-01 9.412936735601528104e-01 9.943852342707852898e-01 9.546720864023489073e-01 9.836625331421936513e-01 1.039392324020780967e+00 1.019540335299282896e+00 1.084397858271793469e+00 1.023198296213175373e+00 1.027352597465442052e+00 1.006266796125745877e+00 1.011008125176426464e+00 1.017784077659708908e+00 1.039699278340111999e+00 1.083646092230248659e+00 1.071794310305728803e+00 1.120177068957935340e+00 1.053352646724989627e+00 1.010780861207342562e+00 1.028120678720686909e+00 1.052522613202725221e+00 9.953192112241615597e-01 1.067015200476391534e+00 1.050013681855095138e+00 9.830347297515307226e-01 1.042501753527802499e+00 9.872998099061474075e-01 1.050264434015623971e+00 1.002928102101070307e+00 1.047193431550956344e+00 9.565512870470255224e-01 9.050250568301847487e-01 9.901355884507069272e-01 1.005871943828505755e+00 9.837256680650862117e-01 8.660448150749295859e-01
9.633053391793121589e-01 1.016789477943363718e+00 9.336608083749691200e-01 9.895347171745667580e-01 9.614559383192082809e-01 9.973350913192760014e-01 1.008168187341821564e+00 9.924890056142452455e-01 9.999593388086577272e-01 1.049831678030509252e+00 9.942596755154118338e-01 1.031674499145798451e+00 1.002571589501148663e+00 1.023186143157191141e+00 9.956211338443006209e-01 1.130680164566986168e+00 1.043756368997680317e+00 1.000489232466979628e+00 1.037956363029063134e+00 1.016952789821967462e+00 9.926333566670583197e-01 1.053352646724989627e+00 9.855791114969792988e-01 1.082929379499749878e+00 1.016248411264137896e+00 9.926032779842476339e-01 1.047205816437965398e+00 1.010922005197139706e+00 1.006700049797594421e+00 1.009509912208436777e+00 1.027889443943167613e+00 1.000011224231484475e+00 9.169479402845230886e-01 9.240383850608803185e-01 1.029009792177765004e+00 9.895123037981786718e-01 9.493266594617887355e-01 1.062607549450030886e+00 1.087106950940523342e+00 1.100604991993973769e+00 9.572996112462780482e-01
8.961503279214821927e-01 8.249711458694712896e-01 1.055390950687137952e+00 9.774030842857451828e-01 1.003174728634002033e+00 9.864448997610985037e-01 9.249679704804848468e-01 9.360960201563721661e-01 1.025758673621490757e+00 9.458981797294598870e-01 1.022551469745915265e+00 1.008262161226765041e+00 1.031242855487555232e+00 9.798317047800713109e-01 1.039287841497096077e+00 9.594826545537695761e-01 1.019554901088760346e+00 9.629987601801835995e-01 1.027822685722164175e+00 1.049034060783894606e+00 1.024198101711312869e+00 1.010780861207342562e+00 1.082929379499749878e+00 1.154303435369119724e+00 1.084709239484738408e+00 1.016650828793297379e+00 1.028682202888783426e+00 1.034026722939223708e+00 1.043892448614980095e+00 1.015364878539844362e+00 1.064018023849418126e+00 1.043533485330359278e+00 9.738004162649093187e-01 1.054396474757278046e+00 1.016935295561657959e+00 9.903737657577621478e-01 9.218961345644997030e-01 9.704033221263564934e-01 1.042368497610227651e+00 9.270815567219243825e-01 9.494750164134602155e-01
9.823577702335423156e-01 8.929565288662779654e-01 9.174186783720711391e-01 1.014215157209089835e+00 9.199337828470044442e-01 8.823206436053423474e-01 9.135770580542323938e-01 1.012953648322587163e+00 9.679432715515788876e-01 1.021135656008329118e+00 1.044708380170247919e+00 1.109249626709109426e+00 1.029817764550816195e+00 9.691620496566197840e-01 1.070083864220182202e+00 9.637947021819474047e-01 1.002361148284884207e+00 9.571408786630797305e-01 1.018451671917084633e+00 1.010956665907015939e+00 1.073660426844323723e+00 1.028120678720686909e+00 1.016248411264137896e+00 1.084709239484738408e+00 1.055410706037888779e+00 1.100844863546015517e+00 1.082884992121645462e+00 9.827912762983708195e-01 1.060358694264103674e+00 1.070052215028121534e+00 1.026532374676752069e+00 9.902567136576726492e-01 1.038639960158155962e+00 1.016641803326564064e+00 1.045993336466015888e+00 9.417015387314142671e-01 9.498843714080242862e-01 9.749989355893283749e-01 1.000484013680644324e+00 1.015872670748316109e+00 9.549290193637259838e-01
9.232245685683919678e-01 9.943109247281048946e-01 9.578866741194725920e-01 8.519276104079026579e-01 1.064907190927485203e+00 9.459827104124874930e-01 1.008859842084087077e+00 9.591788209773607354e-01 9.781344592152524386e-01 1.015279416295453263e+00 9.725108028608941968e-01 1.093502456760442332e+00 1.000620876829134920e+00 1.011937595962753678e+00 1.099392258063309757e+00 1.048297102973932082e+00 9.716888992913395029e-01 1.008932856738018913e+00 1.035155005126684680e+00 1.041625842333517848e+00 1.000562300594030951e+00 1.052522613202725221e+00 9.926032779842476339e-01 1.016650828793297379e+00 1.100844863546015517e+00 1.102406096303385041e+00 1.122615552546675222e+00 1.020543377766203186e+00 1.076082504227266368e+00 1.035753584513656955e+00 1.028719507792174026e+00 1.082193148270168548e+00 9.864604693059816354e-01 9.939127808295751265e-01 1.017752666951981189e+00 1.024273503758603709e+00 1.023900295304483787e+00 9.475149221877757766e-01 9.407897652302991132e-01 1.017047114032592958e+00 1.024322292033446935e+00
9.517010769037104190e-01 1.037688034901926404e+00 9.511191974217936274e-01 1.021522448790107562e+00 9.384060116232392224e-01 9.826549154494100824e-01 9.543934864226887305e-01 1.011091741703658675e+00 1.070334149931274181e+00 1.016104029218627414e+00 1.008147514087784247e+00 9.813799627696834227e-01 1.000501916280725379e+00 1.022757337749798712e+00 1.029216676908946360e+00 1.044720434287978561e+00 1.019297325843363966e+00 9.985338191318913204e-01 9.974463822238811561e-01 1.096542886920950810e+00 1.007887718082677742e+00 9.953192112241615597e-01 1.047205816437965398e+00 1.028682202888783426e+00 1.082884992121645462e+00 1.122615552546675222e+00 1.014190470205153627e+00 1.132207917732483748e+00 1.047574437552826199e+00 1.072775141070224425e+00 1.040691943231206507e+00 9.880502745458678016e-01 1.174794942084959493e+00 9.322159114677142089e-01 9.884377207106349594e-01 9.548059106793984618e-01 1.026724375157767932e+00 1.034739041152068273e+00 1.016094575637676023e+00 1.041576984246679771e+00 8.818774520411685192e-01
9.402302824843952189e-01 9.084415736699986699e-01 9.949198503589212761e-01 1.005141117068750534e+00 8.914426678433496898e-01 9.026577309501804258e-01 1.022413482884040770e+00 9.643576485107069329e-01 1.026233766928458913e+00 9.546634211146778348e-01 9.240324547597976723e-01 1.001370021560573864e+00 1.049692690020479713e+00 9.843530504824290484e-01 9.477104077012533656e-01 1.100718180187698625e+00 1.069636961101229078e+00 9.311882905744084393e-01 1.024784225075529243e+00 1.067651401845694847e+00 9.892776112570469405e-01 1.067015200476391534e+00 1.010922005197139706e+00 1.034026722939223708e+00 9.827912762983708195e-01 1.020543377766203186e+00 1.132207917732483748e+00 1.026433962045434356e+00 1.078426113055292790e+00 1.006316765621537934e+00 1.016603844242671917e+00 9.926690362656912514e-01 1.010999720719739869e+00 9.566158953104482165e-01 1.001558904407368278e+00 1.040238818275728949e+00 9.579406891530706236e-01 1.002613362743786318e+00 9.962904171238737838e-01 9.474743291402528689e-01 1.046692827841516182e+00
9.671786150413337335e-01 9.733647614498921463e-01 1.003702599993862465e+00 9.934974113774189819e-01 9.816697150072085654e-01 9.434891786843581096e-01 1.029701369947606526e+00 9.744516744138094211e-01 9.254606703479435481e-01 1.090458658577413642e+00 1.029638167464256959e+00 1.047592157704727800e+00 9.332667029759468269e-01 1.066782417613979961e+00 9.960739789805190814e-01 1.018768187946358594e+00 9.700273049331485931e-01 9.613969180594118535e-01 1.027032672605703745e+00 1.007377909651084202e+00 1.027815075236844677e+00 1.050013681855095138e+00 1.006700049797594421e+00 1.043892448614980095e+00 1.060358694264103674e+00 1.076082504227266368e+00 1.047574437552826199e+00 1.078426113055292790e+00 1.090751451038802555e+00 1.035398992984450706e+00 1.024927484942268707e+00 1.038576200237836256e+00 9.828168292226415748e-01 1.067850802475834415e+00 1.036773279814106496e+00 9.307593423310749348e-01 1.095421369135872958e+00 1.011322910398745112e+00 9.968855129494620382e-01 9.884978486980484647e-01 9.032326798365541975e-01
9.080997915811088728e-01 9.829363854583083038e-01 9.397596232456619791e-01 9.750290781654282757e-01 9.739247842762548402e-01 9.845398243771239510e-01 1.011825236892937241e+00 9.495513351966617943e-01 1.010034327282354427e+00 1.053333958631219813e+00 1.032565198526492534e+00 1.008036751442999091e+00 1.102134967797664178e+00 1.004618719687996764e+00 9.713845970156506082e-01 1.011651122593432817e+00 9.851021988014611042e-01 1.017403426795506771e+00 9.857428858425829610e-01 1.113421379201537054e+00 9.691227693390900289e-01 9.830347297515307226e-01 1.009509912208436777e+00 1.015364878539844362e+00 1.070052215028121534e+00 1.035753584513656955e+00 1.072775141070224425e+00 1.006316765621537934e+00 1.035398992984450706e+00 9.928693907836956267e-01 9.451293243646702313e-01 1.046680554157312315e+00 1.037443820747524947e+00 1.019459031892258061e+00 9.983546081940419814e-01 1.021954863406430603e+00 1.002054468391941899e+00 1.010920094602141051e+00 9.896804349433266923e-01 1.010084104237863212e+00 9.522063735381486316e-01
9.158028599316438978e-01 1.022498304300177630e+00 7.925299566970777088e-01 9.193954921153519866e-01 1.022468136492773239e+00 9.533439231994763619e-01 9.616035805482168186e-01 1.048583628353616293e+00 1.115862274195246195e+00 1.020459180608993766e+00 9.149181779294489614e-01 1.061623627206181197e+00 9.640040466029963229e-01 9.726951893166254637e-01 1.008004689375649576e+00 1.043969249642875186e+00 9.713018108535004247e-01 9.286400930989963109e-01 9.494969010431657530e-01 1.015879252946123801e+00 1.043428526819862645e+00 1.042501753527802499e+00 1.027889443943167613e+00 1.064018023849418126e+00 1.026532374676752069e+00 1.028719507792174026e+00 1.040691943231206507e+00 1.016603844242671917e+00 1.024927484942268707e+00 9.451293243646702313e-01 1.014827295463088808e+00 1.059243628815784266e+00 1.053470020428568965e+00 1.051138089416123744e+00 1.006400953770316020e+00 1.057381652886358880e+00 1.059545247713101990e+00 9.471702611742532918e-01 1.011408796421954248e+00 1.043161286181922831e+00 1.007412703010764909e+00
9.515459547196400969e-01 9.815811213540207580e-01 9.377008494962755236e-01 1.049002081869640390e+00 9.663460175585264489e-01 9.343131673840087137e-01 1.006376873723759058e+00 9.841248330378007392e-01 9.690635849547444280e-01 9.904340548657394327e-01 9.193304430994913012e-01 9.817543673633869483e-01 1.031864616746925201e+00 9.841909480782168318e-01 1.104066727668487902e+00 1.060362526114838833e+00 1.041786841104720862e+00 9.950271057573879530e-01 1.031068672777618822e+00 9.313667201236197624e-01 1.053967313976753140e+00 9.872998099061474075e-01 1.000011224231484475e+00 1.043533485330359278e+00 9.902567136576726492e-01 1.082193148270168548e+00 9.880502745458678016e-01 9.926690362656912514e-01 1.038576200237836256e+00 1.046680554157312315e+00 1.059243628815784266e+00 9.891517434316371427e-01 1.039976182100244673e+00 1.051690088331574957e+00 1.063941350472196623e+00 1.042886274803048074e+00 1.047040611268382548e+00 9.746922350617327480e-01 1.044332021752328421e+00 9.998130718915585469e-01 9.356892834665043734e-01
9.964771462878740937e-01 1.022720417480907917e+00 9.548267899367988143e-01 1.031753424484555204e+00 9.783356412348326314e-01 9.270251930912398741e-01 1.026546519549126124e+00 9.618179039123895269e-01 1.013320154371633031e+00 1.042237899427777670e+00 9.524946184080740341e-01 9.568502519711181709e-01 1.002985498939682474e+00 1.002253560330983451e+00 1.055747087354264035e+00 9.804103966407683446e-01 9.647002187270768969e-01 9.972366970518738993e-01 1.021591448065997554e+00 1.060014027038628903e+00 1.051626188017584562e+00 1.050264434015623971e+00 9.169479402845230886e-01 9.738004162649093187e-01 1.038639960158155962e+00 9.864604693059816354e-01 1.174794942084959493e+00 1.010999720719739869e+00 9.828168292226415748e-01 1.037443820747524947e+00 1.053470020428568965e+00 1.039976182100244673e+00 9.761767338211639888e-01 1.024014113448634689e+00 1.065161123057262849e+00 1.028734074414070943e+00 1.046915971704926562e+00 1.021870713133430142e+00 9.730025963431568892e-01 1.031261399588009775e+00 1.016455486054134161e+00
9.297336881147807430e-01 8.946245140562605336e-01 9.273060397537415955e-01 1.005503167486285543e+00 1.001155060886084858e+00 9.210621907198410785e-01 9.056742824569969930e-01 8.818412241862447765e-01 8.571915777496800226e-01 9.095736105494738322e-01 9.001709414958020128e-01 9.866169981185460847e-01 9.998918496621289620e-01 9.690669609389730432e-01 9.120658012385641777e-01 1.074763966267088700e+00 1.051676310809626091e+00 9.875370558640595986e-01 9.984534392088779686e-01 1.027840810048306963e+00 9.642689474808167072e-01 1.002928102101070307e+00 9.240383850608803185e-01 1.054396474757278046e+00 1.016641803326564064e+00 9.939127808295751265e-01 9.322159114677142089e-01 9.566158953104482165e-01 1.067850802475834415e+00 1.019459031892258061e+00 1.051138089416123744e+00 1.051690088331574957e+00 1.024014113448634689e+00 1.086877295873716065e+00 1.072924912706744394e+00 1.060626954007674927e+00 9.998540741490178352e-01 1.044640248651679704e+00 9.883775775187013668e-01 9.917101293383355776e-01 1.033961559151064691e+00
8.709501793074408971e-01 9.002838142774050034e-01 7.959114284260628835e-01 9.729702307624066293e-01 8.244257085633177606e-01 9.494071016309150179e-01 9.228349873787131674e-01 9.030728604767668255e-01 1.077739023536745000e+00 1.003843600663646862e+00 1.000139192026892054e+00 9.087562370052439942e-01 9.634542178428394665e-01 9.603540933641110389e-01 9.972652033515443382e-01 9.985696087259455789e-01 9.861920273353478317e-01 1.007814580735293175e+00 9.867688621908856650e-01 9.297385365397620172e-01 9.692921558729812315e-01 1.047193431550956344e+00 1.029009792177765004e+00 1.016935295561657959e+00 1.045993336466015888e+00 1.017752666951981189e+00 9.884377207106349594e-01 1.001558904407368278e+00 1.036773279814106496e+00 9.983546081940419814e-01 1.006400953770316020e+00 1.063941350472196623e+00 1.065161123057262849e+00 1.072924912706744394e+00 9.360781200321719453e-01 1.028336722690967209e+00 1.083758000900713503e+00 9.878822580622126370e-01 9.994845047566429663e-01 1.011948542813510210e+00 1.018206488807203769e+00
9.106141026541696437e-01 8.808327864289192677e-01 9.595532571578521130e-01 9.943370654738628023e-01 9.650120583730736890e-01 8.559538054508842864e-01 9.487995915896427768e-01 9.400468448931240673e-01 9.409697317880473255e-01 1.005369512902164031e+00 9.685871358006087339e-01 9.494664266185990353e-01 1.011847752440203863e+00 9.015984985598379797e-01 9.213254525014589191e-01 9.809146273025689533e-01 9.684072919913140343e-01 9.134934272211079342e-01 1.016372790040967811e+00 9.615353859821452742e-01 1.016399852015652749e+00 9.565512870470255224e-01 9.895123037981786718e-01 9.903737657577621478e-01 9.417015387314142671e-01 1.024273503758603709e+00 9.548059106793984618e-01 1.040238818275728949e+00 9.307593423310749348e-01 1.021954863406430603e+00 1.057381652886358880e+00 1.042886274803048074e+00 1.028734074414070943e+00 1.060626954007674927e+00 1.028336722690967209e+00 1.113521381956706469e+00 1.052569792156945239e+00 9.622650604388726103e-01 9.565803389085915098e-01 9.964975089846479506e-01 9.724398655878445652e-01
8.252860916550018855e-01 8.464982223479079471e-01 9.485304864219133991e-01 9.475633434929124910e-01 9.360722835094992256e-01 9.088789655977758120e-01 9.881070164835469294e-01 9.611761824598634707e-01 8.860085062412491608e-01 9.321618403506456429e-01 1.000444057857337921e+00 1.068940137033647320e+00 1.005837134627609597e+00 9.927583372546092688e-01 9.547737530539779360e-01 9.442393054661084584e-01 9.577480474432499280e-01 9.803457338348140482e-01 8.746949012813587387e-01 1.012164149266614910e+00 9.906424227926385884e-01 9.050250568301847487e-01 9.493266594617887355e-01 9.218961345644997030e-01 9.498843714080242862e-01 1.023900295304483787e+00 1.026724375157767932e+00 9.579406891530706236e-01 1.095421369135872958e+00 1.002054468391941899e+00 1.059545247713101990e+00 1.047040611268382548e+00 1.046915971704926562e+00 9.998540741490178352e-01 1.083758000900713503e+00 1.052569792156945239e+00 1.093792886281252708e+00 1.066087330011038725e+00 1.034904802578563432e+00 1.032713206320500232e+00 9.570536227665588092e-01
9.457689733920264796e-01 9.602628497650901318e-01 8.820590490156612340e-01 8.642237303617477107e-01 8.808384667779199928e-01 9.020732222792955390e-01 8.712958527001792852e-01 9.015259352734918963e-01 8.811731519298433568e-01 9.722965131465073352e-01 9.099957121889409306e-01 1.066832062983269047e+00 9.902853148775379033e-01 1.000373319325110977e+00 8.689931522435713207e-01 1.021493572539120986e+00 9.738580056059489287e-01 9.742298074833658506e-01 1.015921748904082378e+00 9.231379214958939095e-01 9.469838159228775032e-01 9.901355884507069272e-01 1.062607549450030886e+00 9.704033221263564934e-01 9.749989355893283749e-01 9.475149221877757766e-01 1.034739041152068273e+00 1.002613362743786318e+00 1.011322910398745112e+00 1.010920094602141051e+00 9.471702611742532918e-01 9.746922350617327480e-01 1.021870713133430142e+00 1.044640248651679704e+00 9.878822580622126370e-01 9.622650604388726103e-01 1.066087330011038725e+00 1.052904920169334568e+00 1.019954036694575850e+00 1.009533045246300054e+00 1.014294879404244343e+00
7.654464967489021943e-01 7.592275435966634456e-01 9.825016519031739559e-01 8.617416767731750360e-01 9.432421269856803292e-01 9.839761319539002127e-01 9.385600561264204611e-01 9.198266759545634663e-01 8.593712638627973854e-01 9.470887239533561930e-01 9.371499065288244612e-01 9.263136251423432777e-01 9.173619327195644546e-01 1.000298102552263479e+00 8.964925550661381193e-01 9.500271750313314945e-01 9.118088468036318339e-01 9.433597306912466784e-01 8.689733683607843151e-01 9.495055486943301259e-01 9.243099580323128617e-01 1.005871943828505755e+00 1.087106950940523342e+00 1.042368497610227651e+00 1.000484013680644324e+00 9.407897652302991132e-01 1.016094575637676023e+00 9.962904171238737838e-01 9.968855129494620382e-01 9.896804349433266923e-01 1.011408796421954248e+00 1.044332021752328421e+00 9.730025963431568892e-01 9.883775775187013668e-01 9.994845047566429663e-01 9.565803389085915098e-01 1.034904802578563432e+00 1.019954036694575850e+00 9.728905061326479364e-01 1.001421859734643593e+00 1.033086773791226598e+00
