1.007272921224089623e+00 9.954258155841798628e-01 1.002240878655993317e+00 1.008147029119223159e+00 1.012645177149734232e+00 1.021331850549273668e+00 1.027321901455862330e+00 1.013568820459395114e+00 1.022457869342286996e+00 1.013089635277303113e+00 1.025937769798481725e+00 1.013707538389720275e+00 1.020970613836737595e+00 1.014200546972048755e+00 1.012662393906448743e+00 1.022751264007264238e+00 1.024471438445037075e+00 1.031279583923139676e+00 1.042821753825011966e+00 1.047062212617057009e+00 1.054196537360177377e+00 1.055884831620008235e+00 1.065862413994077995e+00 1.061780337999494117e+00 1.063095213311900267e+00 1.086510848837232146e+00 1.076355095011981566e+00 1.089713144487555407e+00 1.092508885018683706e+00 1.083357636381565126e+00 1.118376752241887484e+00 1.113142311404613061e+00 1.125474320896034719e+00 1.170559295493636354e+00 1.166470225103576119e+00 1.197883422744013382e+00 1.227117908343697383e+00 1.243423022348690399e+00 1.304337047299658492e+00 1.273749124103926933e+00 1.155465748619297628e+00 1.050726660260326017e+00 9.693904316590887804e-01 9.141348220564196048e-01 9.107470533033331650e-01 9.207855572821326273e-01 8.887264712549213241e-01 8.994888594355443523e-01 8.812164793655612449e-01 8.907779780826856619e-01 9.098045076154190891e-01 9.089776653167389586e-01 9.009382658918027031e-01 9.428495482267039707e-01 9.013942934674162855e-01 9.080187114874281873e-01 9.329953690541600286e-01 9.449343622807071519e-01 9.437967459129202874e-01 9.227691994144900933e-01 8.954299477525116124e-01 9.159560452868444891e-01 9.319205102734789969e-01 9.477795718288133386e-01 9.365392473518001637e-01 9.222663815960800981e-01 9.307894792310879017e-01 9.279075618620353794e-01 9.539053893617190916e-01 9.405469233370108428e-01 9.342843090472338075e-01 9.664503090363630866e-01 9.260885933913521884e-01 9.415546682500317566e-01 9.166896926346392860e-01 9.734085398346772333e-01 9.647065187577470446e-01 9.819922682767352473e-01 9.571529201506446816e-01 9.530511729578521329e-01 9.760703168016806597e-01
9.954258155841798628e-01 9.984797752038386820e-01 1.005059577038082574e+00 1.008664474284726165e+00 1.002514915199352430e+00 1.003667442747554706e+00 1.010381198331348651e+00 1.002685583471530695e+00 1.000908264015378357e+00 1.008149383418008194e+00 1.002466781260911155e+00 1.009516247350807028e+00 9.996313611335603255e-01 1.009985991160377905e+00 1.009722022116939399e+00 1.018027901465834217e+00 1.026041084989401719e+00 1.027338281152667898e+00 1.038441886060611274e+00 1.026137631187268306e+00 1.042428769902551844e+00 1.052508331762184390e+00 1.051959125102909676e+00 1.052603669451388724e+00 1.054793872325169080e+00 1.063490434390516937e+00 1.063426768722673943e+00 1.063927545109134343e+00 1.095786614468655218e+00 1.089242617474045272e+00 1.107748473052438731e+00 1.132798375895199161e+00 1.117718233986834120e+00 1.147468463742370659e+00 1.157957606141200468e+00 1.186159764284258511e+00 1.211996654605765888e+00 1.253215823877386281e+00 1.274216633585003589e+00 1.275989191018976676e+00 1.134738338965417093e+00 1.043363781434482718e+00 9.432079484614587228e-01 8.965142679252166014e-01 9.028955884260796427e-01 8.960884165965141701e-01 8.915924507158959900e-01 8.962622444712873282e-01 8.865275782869775911e-01 8.913914776059069789e-01 9.005343229029869612e-01 9.088978806845386949e-01 9.243876991365092000e-01 9.043703801287905630e-01 9.197323501238039434e-01 9.029544846891456311e-01 8.990738864254056439e-01 9.035508963949104855e-01 9.067855844960115430e-01 9.094398752908517958e-01 9.222703707520597538e-01 9.107237779387029608e-01 9.249002838569244656e-01 9.132139621354976589e-01 9.041717987044411986e-01 9.311203244719664651e-01 9.138880866666712066e-01 9.346217524854983916e-01 9.170934183833545639e-01 9.256290529722325244e-01 9.264784935609597927e-01 9.222511560343883419e-01 9.245418553454880506e-01 9.253650761831394567e-01 9.428273613981910106e-01 9.520651156958471750e-01 9.309443117224057707e-01 9.545058142655254985e-01 9.714518016040081250e-01 9.803502683833403841e-01 9.637218128603730616e-01
1.002240878655993317e+00 1.005059577038082574e+00 9.706708641424253159e-01 1.001529432747476189e+00 1.008717642951900029e+00 1.005325111300641394e+00 1.013060800583088783e+00 1.006126017540099227e+00 9.931281543494858699e-01 1.002793863079685321e+00 9.910626353333538141e-01 1.006621267044514267e+00 9.913250784956010309e-01 1.002667507619589449e+00 9.930294433870759940e-01 1.013486035314255407e+00 1.013780630989349563e+00 1.029716763907735144e+00 1.020124904883271899e+00 1.023144301047786309e+00 1.034351903061847766e+00 1.045483075919865001e+00 1.055964478720355926e+00 1.031909642554340367e+00 1.038284139385204252e+00 1.052045465981598760e+00 1.043449921871003383e+00 1.064769829954262503e+00 1.072066939550919029e+00 1.068220361000152829e+00 1.089139839428631795e+00 1.107580754140268020e+00 1.120042964106375827e+00 1.149675996144667867e+00 1.139866536920097095e+00 1.193117760238422864e+00 1.209522277258847200e+00 1.257703661684207663e+00 1.277757366586862453e+00 1.271880316278112488e+00 1.163962000114994177e+00 1.019151006996043884e+00 9.304731059857793696e-01 9.055766081718125138e-01 8.977197317636192997e-01 8.841845848659366514e-01 8.884160692955760386e-01 8.756453159329802283e-01 8.747507888508482266e-01 8.720398048486600606e-01 8.942310202682658415e-01 8.849367328822934642e-01 8.606077345699623127e-01 9.110421828327918137e-01 8.908303797356965648e-01 8.804899197304767444e-01 9.058756707575315037e-01 9.046238500149262896e-01 9.222095969550333505e-01 8.963147644666340508e-01 9.027084076566080917e-01 8.966432330320488475e-01 9.247600978664324289e-01 9.018618538584699529e-01 9.073271110016946084e-01 8.831855449415021431e-01 9.248577205751080665e-01 9.218176503868896754e-01 9.084825433264868133e-01 8.985639120196149410e-01 9.349086096263050649e-01 9.326816729112921145e-01 9.474752384549499640e-01 9.495698596654236212e-01 9.402780730711000068e-01 9.747391338945666783e-01 9.814125536675996075e-01 9.516697704919299117e-01 9.402207429176877573e-01 9.469995063783536171e-01 9.589816404042363907e-01
1.008147029119223159e+00 1.008664474284726165e+00 1.001529432747476189e+00 1.008807789395614884e+00 9.897906896043414671e-01 9.954090517081001233e-01 1.003530557480648122e+00 1.002533321554318180e+00 9.921745220757445249e-01 9.917705860107075555e-01 9.961005610330138094e-01 9.995234762733464784e-01 9.909761400950947152e-01 9.944564333681692458e-01 9.872582160532532569e-01 1.015165832149399705e+00 1.021925800327235789e+00 1.016831767131117781e+00 1.029003331116354003e+00 1.015912374169554599e+00 1.013413704189537468e+00 1.039753065389709130e+00 1.036610140518159806e+00 1.043964559675127246e+00 1.024756570014948132e+00 1.036115318132122987e+00 1.032403100272281549e+00 1.048634312226014442e+00 1.046510264479430186e+00 1.063471259843391747e+00 1.079300460671141604e+00 1.090518895385202081e+00 1.097821638134518940e+00 1.127014086749213106e+00 1.157425246001645425e+00 1.179224976755494536e+00 1.191264634457225746e+00 1.236111620185244453e+00 1.268392110375400561e+00 1.258190683505875818e+00 1.134713175466095070e+00 1.002589845963200776e+00 8.951686796220810205e-01 9.035157145056315064e-01 8.946338493323322538e-01 8.766083730121927431e-01 8.759924446623578165e-01 8.748359190562007281e-01 8.764503017367224480e-01 8.829619434470455941e-01 8.702871635914953830e-01 9.016132958922022933e-01 8.919739102588708501e-01 8.982752302184557891e-01 8.897704330400987294e-01 8.768752256356681096e-01 8.808381727762417679e-01 8.988077551561773904e-01 8.875031478782271499e-01 9.006953017572647546e-01 9.043100523685493330e-01 8.822070336862933848e-01 9.373038833463108732e-01 9.054814843429610516e-01 9.031059211074488058e-01 9.094119202725247098e-01 9.085405014793750400e-01 9.027555876985610128e-01 9.075770853727325171e-01 9.132328614202350758e-01 9.026696313759533519e-01 9.450627493911494259e-01 9.115456685539750081e-01 9.267952389356781673e-01 9.492183439521512112e-01 9.530567104839644532e-01 9.417154715777292795e-01 9.291268438701483223e-01 9.903560611565389582e-01 9.588844507527202188e-01 9.249952938124001989e-01
1.012645177149734232e+00 1.002514915199352430e+00 1.008717642951900029e+00 9.897906896043414671e-01 1.014596683362375629e+00 1.006692894804759764e+00 1.008000692219601646e+00 9.991554015004656675e-01 9.955455283482965712e-01 1.002177458275122612e+00 9.963861555523964020e-01 1.000056267278901290e+00 1.000659712903758436e+00 9.985151928685012113e-01 1.000928176321565388e+00 1.015657037244300120e+00 1.010889607769805076e+00 1.018570045421308023e+00 1.024613122526394138e+00 1.039929784538489166e+00 1.024970724579987946e+00 1.050148337310714552e+00 1.038151309559891766e+00 1.059683592929940188e+00 1.047368897124197007e+00 1.034248909796266602e+00 1.062589947382633238e+00 1.060026292901136813e+00 1.084908280904052225e+00 1.065127253235532923e+00 1.073598034483940644e+00 1.102609533361166072e+00 1.111027303542726274e+00 1.117061430179667747e+00 1.121359941792364312e+00 1.166318796558103443e+00 1.158759377082642761e+00 1.212789422361703728e+00 1.283441562721586271e+00 1.244249414687377930e+00 1.123584811268440120e+00 9.952952679874159658e-01 9.091582309607131318e-01 8.778610604443535248e-01 8.658554229832753357e-01 8.746432700784476655e-01 8.757092858368804578e-01 8.728797615391029607e-01 8.576496239345553496e-01 8.783346793489942295e-01 8.763928040563819799e-01 8.684205930739082868e-01 8.972887765598105414e-01 8.999937239777214826e-01 8.887703757811631355e-01 8.963950220457012064e-01 8.889030321685909009e-01 9.225725772595834151e-01 8.819443242273842243e-01 9.121838781534061802e-01 8.888135481612379207e-01 8.990614225934242532e-01 8.888211840918681661e-01 9.157462126207338571e-01 8.956382393234307848e-01 8.862729401049753708e-01 9.020784799344850891e-01 9.099674880349616357e-01 9.014815337821555641e-01 9.188708941412406794e-01 9.095101357772017447e-01 9.329922505931238508e-01 9.282497533195658290e-01 9.352553533353610282e-01 9.315768462828126761e-01 9.116060863329422670e-01 9.406170350655818080e-01 9.550976468187144519e-01 9.125321523515488309e-01 9.573137100963382551e-01 9.565347070897837201e-01
1.021331850549273668e+00 1.003667442747554706e+00 1.005325111300641394e+00 9.954090517081001233e-01 1.006692894804759764e+00 1.000435365824378309e+00 1.018430941590089844e+00 9.938283241487536612e-01 1.002638659068185500e+00 9.920898984000048326e-01 1.003546176437728032e+00 9.865039399196311454e-01 9.927384429698258295e-01 1.006411814663371374e+00 9.965047722879433190e-01 1.014515034453103093e+00 1.006883695706163984e+00 1.023832992759997396e+00 1.032287308622843458e+00 1.022167171419635201e+00 1.024144331231447325e+00 1.042772553193106022e+00 1.037542884169390334e+00 1.034873925659501204e+00 1.018469296526393952e+00 1.040130497147630617e+00 1.034679120131500207e+00 1.058603677099770879e+00 1.060715989899845946e+00 1.052265842574587440e+00 1.075505635506397439e+00 1.089778344699060764e+00 1.098872934751992325e+00 1.124171017767207736e+00 1.135866652427779844e+00 1.137571166877206386e+00 1.183584340424592263e+00 1.225053097549883230e+00 1.260390253037671604e+00 1.253464510868298465e+00 1.104301882004773860e+00 9.956893753266170544e-01 9.199915334417263502e-01 8.852546861009255030e-01 8.732579423035154997e-01 8.632066447845516688e-01 8.704043147923814505e-01 8.834763584961664584e-01 8.664948757513538657e-01 8.755075085992525263e-01 8.927014545438193283e-01 8.758859941663574844e-01 8.991775945372789680e-01 8.679161718134152936e-01 8.801232820083622066e-01 8.646857704952600754e-01 8.854846324267726665e-01 8.696082629612378323e-01 9.031005299677097309e-01 8.902801339374762923e-01 8.766438669100171666e-01 8.863700072036044819e-01 9.118209032626695132e-01 9.067953994885613600e-01 9.108156480627815910e-01 8.940779413550111743e-01 9.018526460810328826e-01 9.070743313318125889e-01 9.111297757392413654e-01 9.076758437851827344e-01 8.898421074329394553e-01 9.084864843637164844e-01 9.461083220043042807e-01 8.892919526886847725e-01 9.300713841520170666e-01 9.233945612664493652e-01 9.444182396437424964e-01 9.562498752262589274e-01 9.059092162651372071e-01 9.565309122781768814e-01 9.471579603962924088e-01
1.027321901455862330e+00 1.010381198331348651e+00 1.013060800583088783e+00 1.003530557480648122e+00 1.008000692219601646e+00 1.018430941590089844e+00 1.022331618742956971e+00 9.981897239966337487e-01 9.959345000240458212e-01 1.002074929111693047e+00 9.893240808388659158e-01 9.821024448899109416e-01 9.930729727509834959e-01 9.900257364804433413e-01 9.969092611106645796e-01 9.988830801615201649e-01 1.001319053873007459e+00 1.011863937575007588e+00 1.014257351510044591e+00 1.009963318216333228e+00 1.015555760225664628e+00 1.040229776462872735e+00 1.023282417069064199e+00 1.017194286165029604e+00 1.027651259563879815e+00 1.030967176765076765e+00 1.019835426404114731e+00 1.032218199255481084e+00 1.057140364866977267e+00 1.041539188790196357e+00 1.070421221657841926e+00 1.079004472954984362e+00 1.104986559097225873e+00 1.127568621169924068e+00 1.122844661938362743e+00 1.140578720169080018e+00 1.172082111548301775e+00 1.216849630139917871e+00 1.246128967007570143e+00 1.246147541510969292e+00 1.113603157377189179e+00 1.003848299414254575e+00 9.024698126876692372e-01 8.666285253398600119e-01 8.756473478047016590e-01 8.573341709988362425e-01 8.630625950781948275e-01 8.627141818427213060e-01 8.431307853856284673e-01 8.680161435064975839e-01 8.837845868050728804e-01 8.614366122311191143e-01 8.599879987311691565e-01 8.897738589423116462e-01 8.865605537686985782e-01 8.944815999956962083e-01 9.005519343045329528e-01 8.825147316842146816e-01 8.686603060384032737e-01 8.883711027765246460e-01 8.786174675122588873e-01 8.765144291414018740e-01 9.177659852348213354e-01 8.959330509772124307e-01 8.943485032325415585e-01 9.043980643355882254e-01 9.067235966695724736e-01 9.013848785233211647e-01 9.040293772339993428e-01 8.833930325320722421e-01 9.332020318466349718e-01 9.412453048700747393e-01 8.982768467385705558e-01 9.327252778350066942e-01 9.367920897474544262e-01 9.542747282574207679e-01 8.985075450699666622e-01 9.507307046753930013e-01 9.497681529271646550e-01 9.427742414631632428e-01 9.518859026889958663e-01
1.013568820459395114e+00 1.002685583471530695e+00 1.006126017540099227e+00 1.002533321554318180e+00 9.991554015004656675e-01 9.938283241487536612e-01 9.981897239966337487e-01 9.949503550856096945e-01 9.943344686406989652e-01 9.948334269385307183e-01 9.881881099277100011e-01 9.806908212673334235e-01 9.778348898526926236e-01 9.822462812505760033e-01 9.920649605702513973e-01 1.002498825198292254e+00 9.964771028276924181e-01 1.003922620680710587e+00 1.011617644196276311e+00 1.010122211394077096e+00 1.022157085708639723e+00 1.019714153733366713e+00 1.016517617650233740e+00 1.039330096540561188e+00 1.032843357299680687e+00 1.032736315230647905e+00 1.015140457678447738e+00 1.034465326817468611e+00 1.039157778691954803e+00 1.057414032982931573e+00 1.072453233626621927e+00 1.066548331174689501e+00 1.121600504954085809e+00 1.127815143153115818e+00 1.119102794736564155e+00 1.141103257806903137e+00 1.193037791096089872e+00 1.205510820835277386e+00 1.246468978630199231e+00 1.248463498956436268e+00 1.131065356973555591e+00 9.842408323454141517e-01 9.090639973124483575e-01 8.783854338119861938e-01 8.556088029976421927e-01 8.487792768891752049e-01 8.470188998193118879e-01 8.585120779749022546e-01 8.567957863441576505e-01 8.623333475748623522e-01 8.569195956103036194e-01 8.778785016512563599e-01 8.959227145025637773e-01 8.799660407610081503e-01 8.956789824302885394e-01 8.652290664289191691e-01 8.786657708896428165e-01 8.940895760682012749e-01 9.064675300015014869e-01 8.864534033624570375e-01 8.762718522472016103e-01 8.869337259794800588e-01 8.863414434932113117e-01 8.835492075866169248e-01 8.614216955594420355e-01 8.873509068093411445e-01 8.695868155633089680e-01 8.851401759903824162e-01 9.100854106042596259e-01 9.072687542342824374e-01 9.083778200467774733e-01 9.047276236379395709e-01 9.082826135820744051e-01 9.176259100635389965e-01 9.024322641774835674e-01 9.295629102611239203e-01 9.118497242994200169e-01 9.374230242158178017e-01 9.372709961464594786e-01 9.370832218302156402e-01 9.580049251490856399e-01
1.022457869342286996e+00 1.000908264015378357e+00 9.931281543494858699e-01 9.921745220757445249e-01 9.955455283482965712e-01 1.002638659068185500e+00 9.959345000240458212e-01 9.943344686406989652e-01 9.927520355176625566e-01 9.859998427694345313e-01 9.943520145318712755e-01 9.798655348639071505e-01 9.725289496294369229e-01 9.758299585210948868e-01 9.889471991408051998e-01 1.001664792321334430e+00 9.998883443546482397e-01 1.001524982805433561e+00 1.022119456262647219e+00 1.020623588969373330e+00 1.011450661640577842e+00 1.022239002274099029e+00 1.019854002975238538e+00 1.029381235270474981e+00 1.023197964419316763e+00 1.017808291947050359e+00 1.030457491646979751e+00 1.037451465300424980e+00 1.059314453206003703e+00 1.041397216222708311e+00 1.063824763385557981e+00 1.074533205863439367e+00 1.099078176475843494e+00 1.093047451034360851e+00 1.124026823292801236e+00 1.150072857560715756e+00 1.177941527024929824e+00 1.212382389252375514e+00 1.253901561203530912e+00 1.244197317817407944e+00 1.120115502705309574e+00 9.853186134386126005e-01 8.957885075185950674e-01 8.674393735416066065e-01 8.613324812362131988e-01 8.549983593696413031e-01 8.458706643339866105e-01 8.648325499977181918e-01 8.708316756193098529e-01 8.431616246722110075e-01 8.594429578467995823e-01 8.621049885906788557e-01 8.547135573110333784e-01 8.675517932666584331e-01 8.432703616307249961e-01 8.544456710362753338e-01 8.893159820628958601e-01 8.925388580729001209e-01 8.712163990182566486e-01 8.819181205446586791e-01 8.739556814754702030e-01 8.594693725671110895e-01 9.011320280691034190e-01 8.661721190430672346e-01 8.791509152250862602e-01 8.651310526812592272e-01 8.685712857877456727e-01 8.968552913452429998e-01 8.911625189720631113e-01 8.830234255986438852e-01 8.941214653919524746e-01 9.121646514420557184e-01 8.899723000722422617e-01 8.950945254996273137e-01 9.177540356071416383e-01 8.934148271048141243e-01 9.079504034900658382e-01 9.267211258733967227e-01 9.193815478191593726e-01 9.546566301264710619e-01 9.244504014425564131e-01
1.013089635277303113e+00 1.008149383418008194e+00 1.002793863079685321e+00 9.917705860107075555e-01 1.002177458275122612e+00 9.920898984000048326e-01 1.002074929111693047e+00 9.948334269385307183e-01 9.859998427694345313e-01 1.001308552144702491e+00 9.979743961244167405e-01 9.913443632826327567e-01 9.902837064187143268e-01 9.883250828581504610e-01 9.932325103877559513e-01 1.005278425690323107e+00 9.953586295097238690e-01 1.001057181248651284e+00 1.022078645244166140e+00 1.024676078388319533e+00 1.018192339413598546e+00 1.023482324831780144e+00 1.023664203688629426e+00 1.030672746173477261e+00 1.020183486374545145e+00 1.036323795649815693e+00 1.035840750661482179e+00 1.035557487309840319e+00 1.057958949660125825e+00 1.064330981796633546e+00 1.056929115166169053e+00 1.078185812430916046e+00 1.093275573951625779e+00 1.107792883150053642e+00 1.122869173892789396e+00 1.147890611514273518e+00 1.172369363410914245e+00 1.236199977384747628e+00 1.261497237910820468e+00 1.267868731706663032e+00 1.134470433335878381e+00 9.907842970448529352e-01 8.928619114619575914e-01 8.630072955997030171e-01 8.492542924372445956e-01 8.515539269917207221e-01 8.597952785078029070e-01 8.528238063056527984e-01 8.363520491993863271e-01 8.494096346181992940e-01 8.499389660520006995e-01 8.662446345390236724e-01 8.603956858478971625e-01 8.682773587963418249e-01 8.549709479008986701e-01 8.412807702520466169e-01 8.731638056343872245e-01 8.782099482657501621e-01 8.684348994795676457e-01 8.798381327522170059e-01 8.804833219787189247e-01 8.638344615307977925e-01 8.961561622871015986e-01 8.780206856649647174e-01 8.907030192516112166e-01 8.867235168717877425e-01 9.030041133051183166e-01 8.761272046128233404e-01 8.815804974289868090e-01 9.323597153494666001e-01 8.937352167997166807e-01 9.218316315875638711e-01 8.974207175132563608e-01 9.073691915049049150e-01 8.850027110308837930e-01 9.263750754292819911e-01 9.358299933683291716e-01 9.206171910948530712e-01 9.491344703754006629e-01 9.406056354396530317e-01 9.636301317672562039e-01
1.025937769798481725e+00 1.002466781260911155e+00 9.910626353333538141e-01 9.961005610330138094e-01 9.963861555523964020e-01 1.003546176437728032e+00 9.893240808388659158e-01 9.881881099277100011e-01 9.943520145318712755e-01 9.979743961244167405e-01 9.968699686417853423e-01 9.896579457236065469e-01 9.967910250943402550e-01 9.946705749531782326e-01 1.002942001899751023e+00 1.003291622996159038e+00 9.990155644179257166e-01 1.007345655224445968e+00 1.022674057172966222e+00 1.015077207908951173e+00 1.020949121772307677e+00 1.028414665854593624e+00 1.035597005035495677e+00 1.039776660752412152e+00 1.042862556994957002e+00 1.032196766384738451e+00 1.036066464967825063e+00 1.038363513008872863e+00 1.049047014848894621e+00 1.057666657762384776e+00 1.068290001437022685e+00 1.095230844172408569e+00 1.091626935141124521e+00 1.114824692919444082e+00 1.124698958685095063e+00 1.161094341611462744e+00 1.178103418248610978e+00 1.211407105353113245e+00 1.273799622730259484e+00 1.258719177423483382e+00 1.131446392653757904e+00 1.007647068965356274e+00 8.997440472750795060e-01 8.685020792238736798e-01 8.572883964503170695e-01 8.512749912687462839e-01 8.463955050535573177e-01 8.655345786226534832e-01 8.452219928353236211e-01 8.593580875282457177e-01 8.515369742087561811e-01 8.755752399399310271e-01 8.531683179567685071e-01 8.630261384343773656e-01 8.772814201327375772e-01 8.661569587414393867e-01 8.533559761372494501e-01 8.837341338276997194e-01 8.704563576662884827e-01 8.679501476814335259e-01 8.638902259883168844e-01 8.851042097142823861e-01 8.922371616817276196e-01 8.971476614170336150e-01 9.018076399632855011e-01 8.885650517361870504e-01 8.898831166183769348e-01 8.882304200243453796e-01 9.005555372711734341e-01 8.936436280497015439e-01 8.938328546873974823e-01 9.253556405255380923e-01 8.786546401541377449e-01 9.458356099691910268e-01 9.100036498676266072e-01 9.230222734444125665e-01 9.406047422846862682e-01 9.645720064923588577e-01 9.196514225971605949e-01 9.494992646216905419e-01 9.581370631244252589e-01
1.013707538389720275e+00 1.009516247350807028e+00 1.006621267044514267e+00 9.995234762733464784e-01 1.000056267278901290e+00 9.865039399196311454e-01 9.821024448899109416e-01 9.806908212673334235e-01 9.798655348639071505e-01 9.913443632826327567e-01 9.896579457236065469e-01 9.959801376846123544e-01 1.004050885184213815e+00 9.985359419528253566e-01 9.977287154557957782e-01 1.001005630338144270e+00 9.948549156916690617e-01 1.005083063137395039e+00 1.002871119228232910e+00 1.013433277237582475e+00 1.004246183107678769e+00 1.022500965331568867e+00 1.012784728117876565e+00 1.014450340576945830e+00 1.027393734640335232e+00 1.026754413255874576e+00 1.021768732399507051e+00 1.027307907783622909e+00 1.059292556867615698e+00 1.043269149187249223e+00 1.057843431094566133e+00 1.085073219587096460e+00 1.098040116571296965e+00 1.096309502126219249e+00 1.103665153629953766e+00 1.139734779632503692e+00 1.186402027737789577e+00 1.212828370893669572e+00 1.250250340593731524e+00 1.253338618103162938e+00 1.124135408600446029e+00 9.837298792848970796e-01 8.905555219383759491e-01 8.621448019509142524e-01 8.568163961588891597e-01 8.317215598839239332e-01 8.530320631860630609e-01 8.354122213696056898e-01 8.476887668900158213e-01 8.452852077890653515e-01 8.215953249876316589e-01 8.592756927341069773e-01 8.648772215436641986e-01 8.579919884545256226e-01 8.508869333264127421e-01 8.715277586592358183e-01 8.866485330341731252e-01 8.756223260304439870e-01 8.745294268111263314e-01 8.545891820865342270e-01 8.662237055619025350e-01 8.642275326332933272e-01 8.845786279881285852e-01 8.796238910626671403e-01 8.825554439197415002e-01 8.926392094594015614e-01 8.665964411753175334e-01 8.981561626008692789e-01 8.844772423357004643e-01 8.704727140790493589e-01 9.079768122047788825e-01 9.157657548859963192e-01 9.011658886768192378e-01 8.969828301464274345e-01 8.900507568342839182e-01 9.301473291937583099e-01 9.249830733879115252e-01 9.291669278501861751e-01 9.404712902960278287e-01 9.712964331677349517e-01 9.588642988748740104e-01
1.020970613836737595e+00 9.996313611335603255e-01 9.913250784956010309e-01 9.909761400950947152e-01 1.000659712903758436e+00 9.927384429698258295e-01 9.930729727509834959e-01 9.778348898526926236e-01 9.725289496294369229e-01 9.902837064187143268e-01 9.967910250943402550e-01 1.004050885184213815e+00 9.883106644340090563e-01 9.958271755178407236e-01 9.927328104649876250e-01 9.979653279987008574e-01 9.962277314562798525e-01 9.968865418705423753e-01 1.012793538421101536e+00 9.992804607096390512e-01 9.992580256275973571e-01 1.021030711739527641e+00 1.011630014792699317e+00 1.006556072788794332e+00 1.012884589368524768e+00 1.010734017632126447e+00 1.024861108596586412e+00 1.035747624664316691e+00 1.041947638147425081e+00 1.041418067368483413e+00 1.047621722607399830e+00 1.067716918035381601e+00 1.090025524932043854e+00 1.100873470284131628e+00 1.113966020492647147e+00 1.137558100646026249e+00 1.175057604367486297e+00 1.207410462313755817e+00 1.239593754484823229e+00 1.255166236267398094e+00 1.109335930670896087e+00 9.735780487435468089e-01 8.878407957741973888e-01 8.622096553549729592e-01 8.462731899449418282e-01 8.253323980241983326e-01 8.488131422366013146e-01 8.469325287335339736e-01 8.360572979954559170e-01 8.400758737347739924e-01 8.249706071525380047e-01 8.405637284681619636e-01 8.562913994653775784e-01 8.510300824909691197e-01 8.467014886064289092e-01 8.532294106482799512e-01 8.614642023822240979e-01 8.555524644254492994e-01 8.622965461191890446e-01 8.731038333247956862e-01 8.673836544814470528e-01 8.477485529650524709e-01 8.757186519285015125e-01 8.747863516170043541e-01 8.850546559972785055e-01 8.745115114360603181e-01 8.868084728032386010e-01 8.698235913138138153e-01 8.915682533362871975e-01 8.962963553423578533e-01 9.107832405195636083e-01 9.225619167574352630e-01 8.918202916080685272e-01 8.572697311023911304e-01 8.973909811966686023e-01 9.029636176520027258e-01 9.301117434376173776e-01 9.467928695281527807e-01 9.261149368516283786e-01 9.621419130140199671e-01 9.630460086687099297e-01
1.014200546972048755e+00 1.009985991160377905e+00 1.002667507619589449e+00 9.944564333681692458e-01 9.985151928685012113e-01 1.006411814663371374e+00 9.900257364804433413e-01 9.822462812505760033e-01 9.758299585210948868e-01 9.883250828581504610e-01 9.946705749531782326e-01 9.985359419528253566e-01 9.958271755178407236e-01 9.893005107830972200e-01 9.887102150447349969e-01 1.002055708486414787e+00 9.959349118816456237e-01 1.009106421685484589e+00 1.004467748459900722e+00 9.985082935273493776e-01 1.002645515775543394e+00 1.016756087842215939e+00 1.010375195345303068e+00 1.018738469567587845e+00 1.008532928102362058e+00 1.013509673866629157e+00 1.015957033177664837e+00 1.027155826789692306e+00 1.052155696266564577e+00 1.032708536439896907e+00 1.057425625322504947e+00 1.086613883949905324e+00 1.078478656326526508e+00 1.091577096514607215e+00 1.129780762170921049e+00 1.117578569168712121e+00 1.166750254519435037e+00 1.221780981756897422e+00 1.253364768081683289e+00 1.245721647893997197e+00 1.107133770575436271e+00 9.782124582685889358e-01 8.774379913631323857e-01 8.747434688635847833e-01 8.404984222619127365e-01 8.233409542158219852e-01 8.278740863010806139e-01 8.304242222609053981e-01 8.272926294593674346e-01 8.337507874667841046e-01 8.407591194601402584e-01 8.317990300335970089e-01 8.745593983676912542e-01 8.470975266293476746e-01 8.640818495064438443e-01 8.483420505855383542e-01 8.587447653298481143e-01 8.573977842924072057e-01 8.649675030950700894e-01 8.471618686900800332e-01 8.731220232918650570e-01 8.553828561617019544e-01 8.852529109038869137e-01 8.782361929499357123e-01 8.547758261532183433e-01 8.659317995597397566e-01 8.812115102952320367e-01 8.902044123055563585e-01 9.251135098627893960e-01 8.772309213381452864e-01 8.914535613337758457e-01 8.829270777269838666e-01 9.369625061884759853e-01 8.932031320408168051e-01 8.945126918215678957e-01 9.269356409694488041e-01 9.403436448882620535e-01 9.428572186863530824e-01 9.354952630635298139e-01 9.348715507889761023e-01 9.528197463108259990e-01
1.012662393906448743e+00 1.009722022116939399e+00 9.930294433870759940e-01 9.872582160532532569e-01 1.000928176321565388e+00 9.965047722879433190e-01 9.969092611106645796e-01 9.920649605702513973e-01 9.889471991408051998e-01 9.932325103877559513e-01 1.002942001899751023e+00 9.977287154557957782e-01 9.927328104649876250e-01 9.887102150447349969e-01 9.876638032104907428e-01 1.008765513730995877e+00 9.992603380324084350e-01 1.000158249824100842e+00 9.978965285722302125e-01 9.998686482529213215e-01 1.001874532539676288e+00 9.992251388293090786e-01 1.001234266652597737e+00 1.012530039148264116e+00 1.002317279423853957e+00 1.009408033509598290e+00 1.015992689294485274e+00 1.017071519120519740e+00 1.034873046898864946e+00 1.030741199338422120e+00 1.051769769205611382e+00 1.055592893978049895e+00 1.065627477274834867e+00 1.081959984904364402e+00 1.108333743413358441e+00 1.130976426520674982e+00 1.153400788777581454e+00 1.207784594845824344e+00 1.236078989313098564e+00 1.245661314574549872e+00 1.100131986740303880e+00 9.604924971141665102e-01 8.828877738963079036e-01 8.399755593997171310e-01 8.218244373497878286e-01 8.212330528444382605e-01 8.244985523704231323e-01 8.133975298157464229e-01 8.328647480335671371e-01 8.176581893481202901e-01 8.473309457506683628e-01 8.384215695170584848e-01 8.369169255505366500e-01 8.433283520242529363e-01 8.406008220131470088e-01 8.445773295939915659e-01 8.497094809733319876e-01 8.508080249264624584e-01 8.704998929727675305e-01 8.685936397315248136e-01 8.594086972370783561e-01 8.446451360926228169e-01 8.712945186152682986e-01 8.675610989996234146e-01 8.600667684320020268e-01 8.666279739032021201e-01 8.803891345684883296e-01 8.765994516779276324e-01 8.771616104631672073e-01 8.842357366251782924e-01 9.002262142332495554e-01 8.972458035590944458e-01 8.799612771240923337e-01 9.250434280300500189e-01 8.918589493425559400e-01 9.050982416621331517e-01 9.127897340556503369e-01 9.139449103649075479e-01 9.342250861782365190e-01 9.352226139904066260e-01 9.531190485279092961e-01
1.022751264007264238e+00 1.018027901465834217e+00 1.013486035314255407e+00 1.015165832149399705e+00 1.015657037244300120e+00 1.014515034453103093e+00 9.988830801615201649e-01 1.002498825198292254e+00 1.001664792321334430e+00 1.005278425690323107e+00 1.003291622996159038e+00 1.001005630338144270e+00 9.979653279987008574e-01 1.002055708486414787e+00 1.008765513730995877e+00 1.000424690202184719e+00 9.942394006986232657e-01 9.966542691807717125e-01 1.002192218914894850e+00 1.000532420874896022e+00 1.009378844690292265e+00 1.004403610499442712e+00 1.017990335571811400e+00 1.010497435854210257e+00 1.017666986983568389e+00 1.017480637580715053e+00 1.021310929486310748e+00 1.023527286197793984e+00 1.044111403021352524e+00 1.030501107633631896e+00 1.055866779008403755e+00 1.065286576798319285e+00 1.071350552056781646e+00 1.076930814868643171e+00 1.113224532878992257e+00 1.120194843917018179e+00 1.162587155718741050e+00 1.209567013637060429e+00 1.239744473122180946e+00 1.230144069924866912e+00 1.124183600727090004e+00 9.747265002572604864e-01 8.883091511095978499e-01 8.411569563847597353e-01 8.394018814224183389e-01 8.278763337336746408e-01 8.338798185494997739e-01 8.304123280679387431e-01 8.265931847630436646e-01 8.423052828818999860e-01 8.301161553683132910e-01 8.469749749747057521e-01 8.407734813527153461e-01 8.635512339903922419e-01 8.612805215515626500e-01 8.698788284049856490e-01 8.446973286247841939e-01 8.660287241024940963e-01 8.798086067222468110e-01 8.582145422925140377e-01 8.618755062599608996e-01 8.692453301547828914e-01 8.919056664694986480e-01 8.785842613893519726e-01 9.059087801780462135e-01 8.819418494593760371e-01 8.660487481645960939e-01 8.993569711449235227e-01 8.798191132352075616e-01 8.810375456499648372e-01 8.910453531628088619e-01 9.093497182204577367e-01 8.852084280969926278e-01 9.335576106101403093e-01 8.980060164052849903e-01 9.162261990362727815e-01 9.299779753558519158e-01 9.180547051001958225e-01 9.444616409034101157e-01 9.420318333307220460e-01 9.422753011003802692e-01
1.024471438445037075e+00 1.026041084989401719e+00 1.013780630989349563e+00 1.021925800327235789e+00 1.010889607769805076e+00 1.006883695706163984e+00 1.001319053873007459e+00 9.964771028276924181e-01 9.998883443546482397e-01 9.953586295097238690e-01 9.990155644179257166e-01 9.948549156916690617e-01 9.962277314562798525e-01 9.959349118816456237e-01 9.992603380324084350e-01 9.942394006986232657e-01 9.730381936841434598e-01 9.836283333197853862e-01 1.002673729311005291e+00 9.949687588091394863e-01 9.964994431603200198e-01 1.002454815772773067e+00 1.013042603641212347e+00 1.011876908003386033e+00 1.011713836676313649e+00 1.010500120450795514e+00 1.011377768518388454e+00 1.006822504372339999e+00 1.027947406148451259e+00 1.023834057902741179e+00 1.035007325847603354e+00 1.045819089648468481e+00 1.061942602222964327e+00 1.081870957263109778e+00 1.079905950821355987e+00 1.100365413515845603e+00 1.132568198151884253e+00 1.200305293081341151e+00 1.238817275643240512e+00 1.236137175192702831e+00 1.098285596805846032e+00 9.399363679280459127e-01 8.589826726091269737e-01 8.280205688016343268e-01 8.242117854075383665e-01 8.103953076689150992e-01 8.062459887017239257e-01 8.132247361084795623e-01 8.421990123649761850e-01 8.122038429810710669e-01 8.365380352354258031e-01 8.336806864049696175e-01 8.316007567752320417e-01 8.547444073515527707e-01 8.460517993011307247e-01 8.414124389017255679e-01 8.461630600790508439e-01 8.616316719480421327e-01 8.618511336777925358e-01 8.558200222274257030e-01 8.376543131080501636e-01 8.420450924198913389e-01 8.700099843530403332e-01 8.565824725849672250e-01 8.709045512072901563e-01 8.412039341362209655e-01 8.536246157927996903e-01 8.781542676995861552e-01 8.669669119097695997e-01 8.833058712188713857e-01 8.780224674516933225e-01 8.947539587555149998e-01 9.011058134632318195e-01 8.848462320676746540e-01 9.064722953477896139e-01 9.028789006230942826e-01 9.075766247438663559e-01 9.013982493404305574e-01 9.496705906731776059e-01 9.126187903152676029e-01 9.743535735255817176e-01
1.031279583923139676e+00 1.027338281152667898e+00 1.029716763907735144e+00 1.016831767131117781e+00 1.018570045421308023e+00 1.023832992759997396e+00 1.011863937575007588e+00 1.003922620680710587e+00 1.001524982805433561e+00 1.001057181248651284e+00 1.007345655224445968e+00 1.005083063137395039e+00 9.968865418705423753e-01 1.009106421685484589e+00 1.000158249824100842e+00 9.966542691807717125e-01 9.836283333197853862e-01 9.878671936925226271e-01 1.004265024261023820e+00 9.856457078975904285e-01 9.947376849503175578e-01 1.011911219074952850e+00 1.005146629491434185e+00 1.000498471611764417e+00 1.012169598753749566e+00 9.992265464615911474e-01 1.001489504917540296e+00 1.007988023027353242e+00 1.026241065355625315e+00 1.023852329890668544e+00 1.035548093482905552e+00 1.041127238883793993e+00 1.055359547008958288e+00 1.071770926476022012e+00 1.077903967849002331e+00 1.116107753036349459e+00 1.147242591804272571e+00 1.191147095143370693e+00 1.223810099727438372e+00 1.246051095058683611e+00 1.094510839839514915e+00 9.542805846975115358e-01 8.508549804207804490e-01 8.170244587260705460e-01 8.159554936313739848e-01 7.955779530884237172e-01 7.991672721468835450e-01 7.983531664278350481e-01 8.109554458308396718e-01 8.136122083314056841e-01 8.019695399429630500e-01 8.203886129760714629e-01 8.431253750361054067e-01 8.358695080166905766e-01 8.302820069571591466e-01 8.397013319432731215e-01 8.339079820549272215e-01 8.399698841986270592e-01 8.544334786121563496e-01 8.760604721142415396e-01 8.605190441110982524e-01 8.490744865475232661e-01 8.729139242472673255e-01 8.545694501753164918e-01 8.697184108178804829e-01 8.617180358317588773e-01 8.675318972982074550e-01 8.571704690472001786e-01 8.822916007758290213e-01 8.840054590049328809e-01 8.518816832645953463e-01 9.022857712104789263e-01 9.037803915497922835e-01 8.925750409995670820e-01 8.925607484816877601e-01 9.104977277272665592e-01 8.982514150743499126e-01 9.019818365570528851e-01 9.193184527749994617e-01 9.529228869318630002e-01 9.445284046680713086e-01
1.042821753825011966e+00 1.038441886060611274e+00 1.020124904883271899e+00 1.029003331116354003e+00 1.024613122526394138e+00 1.032287308622843458e+00 1.014257351510044591e+00 1.011617644196276311e+00 1.022119456262647219e+00 1.022078645244166140e+00 1.022674057172966222e+00 1.002871119228232910e+00 1.012793538421101536e+00 1.004467748459900722e+00 9.978965285722302125e-01 1.002192218914894850e+00 1.002673729311005291e+00 1.004265024261023820e+00 1.007312115410172071e+00 9.928679613326883979e-01 1.001928041122540414e+00 1.007207113462555093e+00 1.006193504808175154e+00 1.007292715522950743e+00 1.004945638184189471e+00 1.004998856998163381e+00 1.008891081415379753e+00 1.009388778308434320e+00 1.027469083087533042e+00 1.027531664694372848e+00 1.046222800314679402e+00 1.033425063588592652e+00 1.066033476123806167e+00 1.072676448618756329e+00 1.087375433897348920e+00 1.121287179460313643e+00 1.140879924839721227e+00 1.194847666172255130e+00 1.238636511748102631e+00 1.221436731725358937e+00 1.087755187388376177e+00 9.706884116210872104e-01 8.517327105900427409e-01 8.231402895629944538e-01 8.146011985973737879e-01 7.926568015783465038e-01 8.128511016027888392e-01 8.065544176381659325e-01 7.983372802413247760e-01 8.141924327371816705e-01 8.196248940255229654e-01 8.117042269718323100e-01 8.310315897132610763e-01 8.394648269624325199e-01 8.337970721584362366e-01 8.246135155237631631e-01 8.351372271128069125e-01 8.455630899768541431e-01 8.514973995518976269e-01 8.576058188986539488e-01 8.405240239979054895e-01 8.496473206089004693e-01 8.748896794043724556e-01 8.896151695357631395e-01 8.742232898358032189e-01 8.625272567180062300e-01 8.848875769967456950e-01 8.801508389747647598e-01 8.949155231443226555e-01 8.896556888263915663e-01 8.731594180309791842e-01 8.844030423455228052e-01 8.885975306442968069e-01 8.854582683536220689e-01 8.612701909477559203e-01 9.219683359968248171e-01 8.875748382313404239e-01 9.042439666387442898e-01 9.318709687037165512e-01 9.547733485658467245e-01 9.425025260138195637e-01
