9.927797980837276270e-01 9.997213186550820696e-01 1.010581436551060364e+00 1.027507272170484987e+00 1.069465867497790601e+00 1.095799571026069286e+00 1.105896674240869348e+00 1.163924828352015828e+00 1.242667751835386358e+00 1.311542731139165641e+00 1.116656859166781812e+00 9.694839018069220105e-01 8.933186559257192405e-01 8.962312279883243304e-01 9.124070689778326360e-01 9.267782190888270710e-01 9.339696143878835066e-01 9.381857292805336757e-01 9.481559780508537205e-01 9.763627320552012989e-01 9.894904196966465282e-01
9.997213186550820696e-01 9.976305181705059644e-01 1.002422663507065437e+00 1.023124589842166809e+00 1.058164281803921192e+00 1.077329848520525823e+00 1.087868671452716152e+00 1.146842002027156360e+00 1.212842712765892950e+00 1.271057608092178492e+00 1.084485395388494311e+00 9.555009452439554574e-01 8.658114744866576284e-01 8.782055703699782612e-01 8.866789091132248890e-01 9.150815625876757009e-01 9.126567527478498532e-01 9.296432163029909601e-01 9.341517933589997824e-01 9.761979982873056905e-01 9.769666286386941012e-01
1.010581436551060364e+00 1.002422663507065437e+00 1.004922787915517590e+00 1.011968338012647628e+00 1.021562002388944013e+00 1.041674440186683537e+00 1.055580053054543832e+00 1.107784994290081704e+00 1.179826880821793544e+00 1.247193168293265986e+00 1.054858836030355684e+00 9.190829530920977541e-01 8.405005800851333975e-01 8.471888255344659502e-01 8.637265173551369468e-01 8.760315544832812940e-01 8.922724882585332251e-01 9.055096448295331113e-01 9.133417717229590505e-01 9.456984384272613120e-01 9.585845833135333560e-01
1.027507272170484987e+00 1.023124589842166809e+00 1.011968338012647628e+00 9.994128984466547072e-01 9.942052156951806108e-01 1.010417457451938894e+00 1.028627530214233143e+00 1.073473298902908102e+00 1.135914562679673390e+00 1.203999993489056175e+00 1.016347743846623519e+00 8.821726184255964665e-01 8.023140764054882412e-01 8.157440880750131962e-01 8.294303847682558128e-01 8.451493328222235979e-01 8.617964453260396063e-01 8.694191138926586904e-01 8.929532324983789904e-01 9.193807437044839714e-01 9.335501220983906112e-01
1.069465867497790601e+00 1.058164281803921192e+00 1.021562002388944013e+00 9.942052156951806108e-01 1.002296857826951326e+00 1.006652623598579543e+00 1.023969486215642988e+00 1.062218574382000513e+00 1.120932776980824164e+00 1.184657727089244217e+00 9.996428828177403858e-01 8.580793255593319735e-01 7.806327609783131338e-01 7.945258174778387916e-01 8.082911523263818232e-01 8.387196292318412905e-01 8.440527955134807803e-01 8.678119065969573942e-01 8.853641181597535770e-01 9.163407249245519859e-01 9.320188021161569525e-01
1.095799571026069286e+00 1.077329848520525823e+00 1.041674440186683537e+00 1.010417457451938894e+00 1.006652623598579543e+00 9.960703015713482378e-01 1.004729216682047399e+00 1.041370302956717175e+00 1.104592160598584227e+00 1.155902140484017293e+00 9.663551076637382220e-01 8.368446308689243551e-01 7.569725485538989496e-01 7.661282160965098287e-01 7.909695807220888941e-01 8.218923207312310852e-01 8.340481699309806318e-01 8.498157452892083352e-01 8.738446764956321333e-01 9.010606778046861276e-01 9.176458954806663293e-01
1.105896674240869348e+00 1.087868671452716152e+00 1.055580053054543832e+00 1.028627530214233143e+00 1.023969486215642988e+00 1.004729216682047399e+00 9.986002735945543884e-01 1.018243081369907488e+00 1.072129877490123118e+00 1.116236752216425820e+00 9.363580082991219689e-01 8.076019887669997344e-01 7.223849127831257766e-01 7.349533774834549060e-01 7.644932180678570832e-01 7.937390380189282002e-01 8.087699166416858487e-01 8.295605941448636056e-01 8.468983644093065477e-01 8.852536458653047502e-01 9.030552693456038726e-01
1.163924828352015828e+00 1.146842002027156360e+00 1.107784994290081704e+00 1.073473298902908102e+00 1.062218574382000513e+00 1.041370302956717175e+00 1.018243081369907488e+00 1.015937831339787101e+00 1.048095923348051794e+00 1.082833629404962084e+00 9.076669806595788481e-01 7.903756442309569641e-01 7.026985784082263597e-01 7.194121111539442115e-01 7.458164755546846658e-01 7.789834584938363227e-01 8.018842958486502859e-01 8.188596638858213206e-01 8.448052532400274206e-01 8.797828535536421635e-01 8.930566395723252837e-01
1.242667751835386358e+00 1.212842712765892950e+00 1.179826880821793544e+00 1.135914562679673390e+00 1.120932776980824164e+00 1.104592160598584227e+00 1.072129877490123118e+00 1.048095923348051794e+00 1.008706158379571782e+00 9.950426189704340008e-01 8.653625687770308827e-01 7.642927611733638660e-01 6.790238744753569478e-01 6.951592549451165448e-01 7.284625011930332406e-01 7.667377502593509808e-01 7.881487424041115908e-01 8.034744561258133633e-01 8.260169622587505422e-01 8.563398117345147886e-01 8.889516285789563765e-01
1.311542731139165641e+00 1.271057608092178492e+00 1.247193168293265986e+00 1.203999993489056175e+00 1.184657727089244217e+00 1.155902140484017293e+00 1.116236752216425820e+00 1.082833629404962084e+00 9.950426189704340008e-01 1.005512502678566511e+00 9.654011992450847179e-01 8.695912638596612343e-01 7.629148010637657462e-01 7.762245636638084312e-01 8.065379901176996658e-01 8.457398293067193151e-01 8.700790330214535073e-01 8.844528114984337996e-01 8.985434778267331613e-01 9.367996151937224569e-01 9.568826117050026614e-01
1.116656859166781812e+00 1.084485395388494311e+00 1.054858836030355684e+00 1.016347743846623519e+00 9.996428828177403858e-01 9.663551076637382220e-01 9.363580082991219689e-01 9.076669806595788481e-01 8.653625687770308827e-01 9.654011992450847179e-01 9.962255819888290453e-01 9.657399792221756929e-01 8.559317599232332263e-01 8.903783274274363890e-01 9.342638875725289838e-01 9.869426509128910174e-01 1.013638495418858421e+00 1.026281240899721059e+00 1.043802686044668748e+00 1.082656180770054766e+00 1.107641784190319445e+00
9.694839018069220105e-01 9.555009452439554574e-01 9.190829530920977541e-01 8.821726184255964665e-01 8.580793255593319735e-01 8.368446308689243551e-01 8.076019887669997344e-01 7.903756442309569641e-01 7.642927611733638660e-01 8.695912638596612343e-01 9.657399792221756929e-01 9.944845415281237111e-01 9.984857887916495089e-01 1.070389371993318184e+00 1.136133187466478178e+00 1.191132606957962636e+00 1.212017467524746817e+00 1.219697339617942022e+00 1.237482751895901956e+00 1.280746008654381596e+00 1.286483617556305026e+00
8.933186559257192405e-01 8.658114744866576284e-01 8.405005800851333975e-01 8.023140764054882412e-01 7.806327609783131338e-01 7.569725485538989496e-01 7.223849127831257766e-01 7.026985784082263597e-01 6.790238744753569478e-01 7.629148010637657462e-01 8.559317599232332263e-01 9.984857887916495089e-01 1.011269645535711748e+00 1.039393174510726769e+00 1.084800602588226193e+00 1.123033633160963163e+00 1.132518555749916889e+00 1.145299690311626595e+00 1.169794723204879983e+00 1.209399381268891016e+00 1.208999318410338919e+00
8.962312279883243304e-01 8.782055703699782612e-01 8.471888255344659502e-01 8.157440880750131962e-01 7.945258174778387916e-01 7.661282160965098287e-01 7.349533774834549060e-01 7.194121111539442115e-01 6.951592549451165448e-01 7.762245636638084312e-01 8.903783274274363890e-01 1.070389371993318184e+00 1.039393174510726769e+00 1.010186050326768337e+00 1.017402500154050315e+00 1.051388455514384423e+00 1.058404291710201672e+00 1.074852521578854470e+00 1.090241618588143169e+00 1.117294474209724164e+00 1.119047410007467658e+00
9.124070689778326360e-01 8.866789091132248890e-01 8.637265173551369468e-01 8.294303847682558128e-01 8.082911523263818232e-01 7.909695807220888941e-01 7.644932180678570832e-01 7.458164755546846658e-01 7.284625011930332406e-01 8.065379901176996658e-01 9.342638875725289838e-01 1.136133187466478178e+00 1.084800602588226193e+00 1.017402500154050315e+00 1.004236654963886366e+00 1.008609789099806697e+00 1.017248946395126419e+00 1.035197738161894199e+00 1.049041671225803940e+00 1.082240154046722136e+00 1.080110366561344071e+00
9.267782190888270710e-01 9.150815625876757009e-01 8.760315544832812940e-01 8.451493328222235979e-01 8.387196292318412905e-01 8.218923207312310852e-01 7.937390380189282002e-01 7.789834584938363227e-01 7.667377502593509808e-01 8.457398293067193151e-01 9.869426509128910174e-01 1.191132606957962636e+00 1.123033633160963163e+00 1.051388455514384423e+00 1.008609789099806697e+00 1.004892153012258982e+00 9.993293448214807251e-01 1.006950124009508452e+00 1.026970710677986398e+00 1.047104975205012112e+00 1.051767522715590708e+00
9.339696143878835066e-01 9.126567527478498532e-01 8.922724882585332251e-01 8.617964453260396063e-01 8.440527955134807803e-01 8.340481699309806318e-01 8.087699166416858487e-01 8.018842958486502859e-01 7.881487424041115908e-01 8.700790330214535073e-01 1.013638495418858421e+00 1.212017467524746817e+00 1.132518555749916889e+00 1.058404291710201672e+00 1.017248946395126419e+00 9.993293448214807251e-01 1.006587120662490564e+00 1.009075037745966963e+00 1.013868867498034509e+00 1.037961896705322351e+00 1.044131734010503409e+00
9.381857292805336757e-01 9.296432163029909601e-01 9.055096448295331113e-01 8.694191138926586904e-01 8.678119065969573942e-01 8.498157452892083352e-01 8.295605941448636056e-01 8.188596638858213206e-01 8.034744561258133633e-01 8.844528114984337996e-01 1.026281240899721059e+00 1.219697339617942022e+00 1.145299690311626595e+00 1.074852521578854470e+00 1.035197738161894199e+00 1.006950124009508452e+00 1.009075037745966963e+00 1.007838905328123813e+00 1.014099046606958376e+00 1.034051927079344235e+00 1.037158547828597399e+00
9.481559780508537205e-01 9.341517933589997824e-01 9.133417717229590505e-01 8.929532324983789904e-01 8.853641181597535770e-01 8.738446764956321333e-01 8.468983644093065477e-01 8.448052532400274206e-01 8.260169622587505422e-01 8.985434778267331613e-01 1.043802686044668748e+00 1.237482751895901956e+00 1.169794723204879983e+00 1.090241618588143169e+00 1.049041671225803940e+00 1.026970710677986398e+00 1.013868867498034509e+00 1.014099046606958376e+00 9.916086300953051991e-01 1.015320928079072482e+00 1.018566260893268849e+00
9.763627320552012989e-01 9.761979982873056905e-01 9.456984384272613120e-01 9.193807437044839714e-01 9.163407249245519859e-01 9.010606778046861276e-01 8.852536458653047502e-01 8.797828535536421635e-01 8.563398117345147886e-01 9.367996151937224569e-01 1.082656180770054766e+00 1.280746008654381596e+00 1.209399381268891016e+00 1.117294474209724164e+00 1.082240154046722136e+00 1.047104975205012112e+00 1.037961896705322351e+00 1.034051927079344235e+00 1.015320928079072482e+00 1.025215540541553949e+00 1.012086980931584446e+00
9.894904196966465282e-01 9.769666286386941012e-01 9.585845833135333560e-01 9.335501220983906112e-01 9.320188021161569525e-01 9.176458954806663293e-01 9.030552693456038726e-01 8.930566395723252837e-01 8.889516285789563765e-01 9.568826117050026614e-01 1.107641784190319445e+00 1.286483617556305026e+00 1.208999318410338919e+00 1.119047410007467658e+00 1.080110366561344071e+00 1.051767522715590708e+00 1.044131734010503409e+00 1.037158547828597399e+00 1.018566260893268849e+00 1.012086980931584446e+00 1.009687766562063604e+00
